 1.000000e+00  1.190147e-04  2.306954e-11 
 1.002305e+00  1.190147e-04  2.312272e-11 
 1.004616e+00  1.190147e-04  2.317602e-11 
 1.006932e+00  1.190147e-04  2.322945e-11 
 1.009253e+00  1.190147e-04  2.328300e-11 
 1.011579e+00  1.190147e-04  2.333667e-11 
 1.013911e+00  1.190147e-04  2.339046e-11 
 1.016249e+00  1.190147e-04  2.344439e-11 
 1.018591e+00  1.190147e-04  2.349843e-11 
 1.020939e+00  1.190147e-04  2.355260e-11 
 1.023293e+00  1.190147e-04  2.360689e-11 
 1.025652e+00  1.190147e-04  2.366131e-11 
 1.028016e+00  1.190147e-04  2.371586e-11 
 1.030386e+00  1.190147e-04  2.377053e-11 
 1.032761e+00  1.190147e-04  2.382533e-11 
 1.035142e+00  1.190147e-04  2.388025e-11 
 1.037528e+00  1.190147e-04  2.393530e-11 
 1.039920e+00  1.190147e-04  2.399048e-11 
 1.042317e+00  1.190147e-04  2.404578e-11 
 1.044720e+00  1.190147e-04  2.410121e-11 
 1.047129e+00  1.190147e-04  2.415677e-11 
 1.049542e+00  1.190147e-04  2.421246e-11 
 1.051962e+00  1.190147e-04  2.426827e-11 
 1.054387e+00  1.190147e-04  2.432422e-11 
 1.056818e+00  1.190147e-04  2.438029e-11 
 1.059254e+00  1.190147e-04  2.443649e-11 
 1.061696e+00  1.190147e-04  2.449282e-11 
 1.064143e+00  1.190147e-04  2.454929e-11 
 1.066596e+00  1.190147e-04  2.460588e-11 
 1.069055e+00  1.190147e-04  2.466260e-11 
 1.071519e+00  1.190147e-04  2.471945e-11 
 1.073989e+00  1.190147e-04  2.477644e-11 
 1.076465e+00  1.190147e-04  2.483355e-11 
 1.078947e+00  1.190147e-04  2.489080e-11 
 1.081434e+00  1.190147e-04  2.494818e-11 
 1.083927e+00  1.190147e-04  2.500569e-11 
 1.086426e+00  1.190147e-04  2.506333e-11 
 1.088930e+00  1.190147e-04  2.512111e-11 
 1.091440e+00  1.190147e-04  2.517902e-11 
 1.093956e+00  1.190147e-04  2.523707e-11 
 1.096478e+00  1.190147e-04  2.529524e-11 
 1.099006e+00  1.190147e-04  2.535355e-11 
 1.101539e+00  1.190147e-04  2.541200e-11 
 1.104079e+00  1.190147e-04  2.547058e-11 
 1.106624e+00  1.190147e-04  2.552930e-11 
 1.109175e+00  1.190147e-04  2.558815e-11 
 1.111732e+00  1.190147e-04  2.564713e-11 
 1.114295e+00  1.190147e-04  2.570626e-11 
 1.116863e+00  1.190147e-04  2.576552e-11 
 1.119438e+00  1.190147e-04  2.582491e-11 
 1.122018e+00  1.190147e-04  2.588444e-11 
 1.124605e+00  1.190147e-04  2.594411e-11 
 1.127197e+00  1.190147e-04  2.600392e-11 
 1.129796e+00  1.190147e-04  2.606387e-11 
 1.132400e+00  1.190147e-04  2.612395e-11 
 1.135011e+00  1.190147e-04  2.618417e-11 
 1.137627e+00  1.190147e-04  2.624453e-11 
 1.140250e+00  1.190147e-04  2.630503e-11 
 1.142878e+00  1.190147e-04  2.636567e-11 
 1.145513e+00  1.190147e-04  2.642645e-11 
 1.148154e+00  1.190147e-04  2.648737e-11 
 1.150800e+00  1.190147e-04  2.654843e-11 
 1.153453e+00  1.190147e-04  2.660963e-11 
 1.156112e+00  1.190147e-04  2.667097e-11 
 1.158777e+00  1.190147e-04  2.673246e-11 
 1.161449e+00  1.190147e-04  2.679408e-11 
 1.164126e+00  1.190147e-04  2.685585e-11 
 1.166810e+00  1.190147e-04  2.691776e-11 
 1.169499e+00  1.190147e-04  2.697981e-11 
 1.172195e+00  1.190147e-04  2.704200e-11 
 1.174898e+00  1.190147e-04  2.710434e-11 
 1.177606e+00  1.190147e-04  2.716682e-11 
 1.180321e+00  1.190147e-04  2.722945e-11 
 1.183042e+00  1.190147e-04  2.729222e-11 
 1.185769e+00  1.190147e-04  2.735513e-11 
 1.188502e+00  1.190147e-04  2.741819e-11 
 1.191242e+00  1.190147e-04  2.748140e-11 
 1.193988e+00  1.190147e-04  2.754475e-11 
 1.196741e+00  1.190147e-04  2.760825e-11 
 1.199499e+00  1.190147e-04  2.767189e-11 
 1.202264e+00  1.190147e-04  2.773568e-11 
 1.205036e+00  1.190147e-04  2.779962e-11 
 1.207814e+00  1.190147e-04  2.786370e-11 
 1.210598e+00  1.190147e-04  2.792794e-11 
 1.213389e+00  1.190147e-04  2.799232e-11 
 1.216186e+00  1.190147e-04  2.805685e-11 
 1.218990e+00  1.190147e-04  2.812152e-11 
 1.221800e+00  1.190147e-04  2.818635e-11 
 1.224616e+00  1.190147e-04  2.825133e-11 
 1.227439e+00  1.190147e-04  2.831645e-11 
 1.230269e+00  1.190147e-04  2.838173e-11 
 1.233105e+00  1.190147e-04  2.844716e-11 
 1.235947e+00  1.190147e-04  2.851273e-11 
 1.238797e+00  1.190147e-04  2.857846e-11 
 1.241652e+00  1.190147e-04  2.864434e-11 
 1.244515e+00  1.190147e-04  2.871037e-11 
 1.247384e+00  1.190147e-04  2.877656e-11 
 1.250259e+00  1.190147e-04  2.884290e-11 
 1.253141e+00  1.190147e-04  2.890938e-11 
 1.256030e+00  1.190147e-04  2.897603e-11 
 1.258925e+00  1.190147e-04  2.904282e-11 
 1.261828e+00  1.190147e-04  2.910978e-11 
 1.264736e+00  1.190147e-04  2.917688e-11 
 1.267652e+00  1.190147e-04  2.924414e-11 
 1.270574e+00  1.190147e-04  2.931155e-11 
 1.273503e+00  1.190147e-04  2.937912e-11 
 1.276439e+00  1.190147e-04  2.944685e-11 
 1.279381e+00  1.190147e-04  2.951473e-11 
 1.282331e+00  1.190147e-04  2.958277e-11 
 1.285287e+00  1.190147e-04  2.965097e-11 
 1.288250e+00  1.190147e-04  2.971932e-11 
 1.291219e+00  1.190147e-04  2.978783e-11 
 1.294196e+00  1.190147e-04  2.985650e-11 
 1.297179e+00  1.190147e-04  2.992532e-11 
 1.300170e+00  1.190147e-04  2.999431e-11 
 1.303167e+00  1.190147e-04  3.006345e-11 
 1.306171e+00  1.190147e-04  3.013276e-11 
 1.309182e+00  1.190147e-04  3.020222e-11 
 1.312200e+00  1.190147e-04  3.027184e-11 
 1.315225e+00  1.190147e-04  3.034163e-11 
 1.318257e+00  1.190147e-04  3.041157e-11 
 1.321296e+00  1.190147e-04  3.048168e-11 
 1.324342e+00  1.190147e-04  3.055194e-11 
 1.327394e+00  1.190147e-04  3.062237e-11 
 1.330454e+00  1.190147e-04  3.069297e-11 
 1.333521e+00  1.190147e-04  3.076372e-11 
 1.336596e+00  1.190147e-04  3.083464e-11 
 1.339677e+00  1.190147e-04  3.090572e-11 
 1.342765e+00  1.190147e-04  3.097696e-11 
 1.345860e+00  1.190147e-04  3.104837e-11 
 1.348963e+00  1.190147e-04  3.111995e-11 
 1.352073e+00  1.190147e-04  3.119169e-11 
 1.355189e+00  1.190147e-04  3.126359e-11 
 1.358313e+00  1.190147e-04  3.133566e-11 
 1.361445e+00  1.190147e-04  3.140790e-11 
 1.364583e+00  1.190147e-04  3.148030e-11 
 1.367729e+00  1.190147e-04  3.155287e-11 
 1.370882e+00  1.190147e-04  3.162561e-11 
 1.374042e+00  1.190147e-04  3.169851e-11 
 1.377209e+00  1.190147e-04  3.177158e-11 
 1.380384e+00  1.190147e-04  3.184482e-11 
 1.383566e+00  1.190147e-04  3.191823e-11 
 1.386756e+00  1.190147e-04  3.199181e-11 
 1.389953e+00  1.190147e-04  3.206556e-11 
 1.393157e+00  1.190147e-04  3.213948e-11 
 1.396368e+00  1.190147e-04  3.221357e-11 
 1.399587e+00  1.190147e-04  3.228783e-11 
 1.402814e+00  1.190147e-04  3.236226e-11 
 1.406048e+00  1.190147e-04  3.243686e-11 
 1.409289e+00  1.190147e-04  3.251164e-11 
 1.412538e+00  1.190147e-04  3.258658e-11 
 1.415794e+00  1.190147e-04  3.266170e-11 
 1.419058e+00  1.190147e-04  3.273700e-11 
 1.422329e+00  1.190147e-04  3.281246e-11 
 1.425608e+00  1.190147e-04  3.288810e-11 
 1.428894e+00  1.190147e-04  3.296392e-11 
 1.432188e+00  1.190147e-04  3.303991e-11 
 1.435489e+00  1.190147e-04  3.311607e-11 
 1.438799e+00  1.190147e-04  3.319241e-11 
 1.442115e+00  1.190147e-04  3.326893e-11 
 1.445440e+00  1.190147e-04  3.334562e-11 
 1.448772e+00  1.190147e-04  3.342249e-11 
 1.452112e+00  1.190147e-04  3.349954e-11 
 1.455459e+00  1.190147e-04  3.357676e-11 
 1.458814e+00  1.190147e-04  3.365417e-11 
 1.462177e+00  1.190147e-04  3.373175e-11 
 1.465548e+00  1.190147e-04  3.380951e-11 
 1.468926e+00  1.190147e-04  3.388745e-11 
 1.472313e+00  1.190147e-04  3.396557e-11 
 1.475707e+00  1.190147e-04  3.404386e-11 
 1.479108e+00  1.190147e-04  3.412234e-11 
 1.482518e+00  1.190147e-04  3.420100e-11 
 1.485936e+00  1.190147e-04  3.427984e-11 
 1.489361e+00  1.190147e-04  3.435887e-11 
 1.492794e+00  1.190147e-04  3.443807e-11 
 1.496236e+00  1.190147e-04  3.451746e-11 
 1.499685e+00  1.190147e-04  3.459703e-11 
 1.503142e+00  1.190147e-04  3.467679e-11 
 1.506607e+00  1.190147e-04  3.475673e-11 
 1.510080e+00  1.190147e-04  3.483685e-11 
 1.513561e+00  1.190147e-04  3.491715e-11 
 1.517050e+00  1.190147e-04  3.499765e-11 
 1.520548e+00  1.190147e-04  3.507833e-11 
 1.524053e+00  1.190147e-04  3.515919e-11 
 1.527566e+00  1.190147e-04  3.524024e-11 
 1.531087e+00  1.190147e-04  3.532148e-11 
 1.534617e+00  1.190147e-04  3.540290e-11 
 1.538155e+00  1.190147e-04  3.548451e-11 
 1.541700e+00  1.190147e-04  3.556631e-11 
 1.545254e+00  1.190147e-04  3.564830e-11 
 1.548817e+00  1.190147e-04  3.573048e-11 
 1.552387e+00  1.190147e-04  3.581285e-11 
 1.555966e+00  1.190147e-04  3.589540e-11 
 1.559553e+00  1.190147e-04  3.597815e-11 
 1.563148e+00  1.190147e-04  3.606109e-11 
 1.566751e+00  1.190147e-04  3.614422e-11 
 1.570363e+00  1.190147e-04  3.622754e-11 
 1.573983e+00  1.190147e-04  3.631105e-11 
 1.577611e+00  1.190147e-04  3.639476e-11 
 1.581248e+00  1.190147e-04  3.647866e-11 
 1.584893e+00  1.190147e-04  3.656275e-11 
 1.588547e+00  1.190147e-04  3.664704e-11 
 1.592209e+00  1.190147e-04  3.673152e-11 
 1.595879e+00  1.190147e-04  3.681619e-11 
 1.599558e+00  1.190147e-04  3.690106e-11 
 1.603245e+00  1.190147e-04  3.698613e-11 
 1.606941e+00  1.190147e-04  3.707139e-11 
 1.610646e+00  1.190147e-04  3.715685e-11 
 1.614359e+00  1.190147e-04  3.724250e-11 
 1.618080e+00  1.190147e-04  3.732835e-11 
 1.621810e+00  1.190147e-04  3.741441e-11 
 1.625549e+00  1.190147e-04  3.750065e-11 
 1.629296e+00  1.190147e-04  3.758710e-11 
 1.633052e+00  1.190147e-04  3.767375e-11 
 1.636817e+00  1.190147e-04  3.776060e-11 
 1.640590e+00  1.190147e-04  3.784764e-11 
 1.644372e+00  1.190147e-04  3.793489e-11 
 1.648162e+00  1.190147e-04  3.802234e-11 
 1.651962e+00  1.190147e-04  3.810999e-11 
 1.655770e+00  1.190147e-04  3.819784e-11 
 1.659587e+00  1.190147e-04  3.828590e-11 
 1.663413e+00  1.190147e-04  3.837416e-11 
 1.667247e+00  1.190147e-04  3.846262e-11 
 1.671091e+00  1.190147e-04  3.855128e-11 
 1.674943e+00  1.190147e-04  3.864015e-11 
 1.678804e+00  1.190147e-04  3.872923e-11 
 1.682674e+00  1.190147e-04  3.881851e-11 
 1.686553e+00  1.190147e-04  3.890799e-11 
 1.690441e+00  1.190147e-04  3.899769e-11 
 1.694338e+00  1.190147e-04  3.908759e-11 
 1.698244e+00  1.190147e-04  3.917769e-11 
 1.702159e+00  1.190147e-04  3.926801e-11 
 1.706082e+00  1.190147e-04  3.935853e-11 
 1.710015e+00  1.190147e-04  3.944926e-11 
 1.713957e+00  1.190147e-04  3.954020e-11 
 1.717908e+00  1.190147e-04  3.963135e-11 
 1.721869e+00  1.190147e-04  3.972271e-11 
 1.725838e+00  1.190147e-04  3.981428e-11 
 1.729816e+00  1.190147e-04  3.990606e-11 
 1.733804e+00  1.190147e-04  3.999805e-11 
 1.737801e+00  1.190147e-04  4.009026e-11 
 1.741807e+00  1.190147e-04  4.018268e-11 
 1.745822e+00  1.190147e-04  4.027531e-11 
 1.749847e+00  1.190147e-04  4.036815e-11 
 1.753881e+00  1.190147e-04  4.046121e-11 
 1.757924e+00  1.190147e-04  4.055448e-11 
 1.761976e+00  1.190147e-04  4.064797e-11 
 1.766038e+00  1.190147e-04  4.074167e-11 
 1.770109e+00  1.190147e-04  4.083559e-11 
 1.774189e+00  1.190147e-04  4.092973e-11 
 1.778279e+00  1.190147e-04  4.102408e-11 
 1.782379e+00  1.190147e-04  4.111865e-11 
 1.786488e+00  1.190147e-04  4.121344e-11 
 1.790606e+00  1.190147e-04  4.130845e-11 
 1.794734e+00  1.190147e-04  4.140367e-11 
 1.798871e+00  1.190147e-04  4.149912e-11 
 1.803018e+00  1.190147e-04  4.159478e-11 
 1.807174e+00  1.190147e-04  4.169067e-11 
 1.811340e+00  1.190147e-04  4.178677e-11 
 1.815516e+00  1.190147e-04  4.188310e-11 
 1.819701e+00  1.190147e-04  4.197965e-11 
 1.823896e+00  1.190147e-04  4.207643e-11 
 1.828100e+00  1.190147e-04  4.217342e-11 
 1.832314e+00  1.190147e-04  4.227064e-11 
 1.836538e+00  1.190147e-04  4.236809e-11 
 1.840772e+00  1.190147e-04  4.246575e-11 
 1.845015e+00  1.190147e-04  4.256365e-11 
 1.849269e+00  1.190147e-04  4.266177e-11 
 1.853532e+00  1.190147e-04  4.276011e-11 
 1.857804e+00  1.190147e-04  4.285869e-11 
 1.862087e+00  1.190147e-04  4.295749e-11 
 1.866380e+00  1.190147e-04  4.305651e-11 
 1.870682e+00  1.190147e-04  4.315577e-11 
 1.874995e+00  1.190147e-04  4.325525e-11 
 1.879317e+00  1.190147e-04  4.335497e-11 
 1.883649e+00  1.190147e-04  4.345491e-11 
 1.887991e+00  1.190147e-04  4.355508e-11 
 1.892344e+00  1.190147e-04  4.365549e-11 
 1.896706e+00  1.190147e-04  4.375612e-11 
 1.901078e+00  1.190147e-04  4.385699e-11 
 1.905461e+00  1.190147e-04  4.395809e-11 
 1.909853e+00  1.190147e-04  4.405943e-11 
 1.914256e+00  1.190147e-04  4.416099e-11 
 1.918669e+00  1.190147e-04  4.426280e-11 
 1.923092e+00  1.190147e-04  4.436483e-11 
 1.927525e+00  1.190147e-04  4.446710e-11 
 1.931968e+00  1.190147e-04  4.456961e-11 
 1.936422e+00  1.190147e-04  4.467236e-11 
 1.940886e+00  1.190147e-04  4.477534e-11 
 1.945360e+00  1.190147e-04  4.487855e-11 
 1.949845e+00  1.190147e-04  4.498201e-11 
 1.954339e+00  1.190147e-04  4.508570e-11 
 1.958845e+00  1.190147e-04  4.518964e-11 
 1.963360e+00  1.190147e-04  4.529381e-11 
 1.967886e+00  1.190147e-04  4.539822e-11 
 1.972423e+00  1.190147e-04  4.550288e-11 
 1.976970e+00  1.190147e-04  4.560777e-11 
 1.981527e+00  1.190147e-04  4.571291e-11 
 1.986095e+00  1.190147e-04  4.581829e-11 
 1.990673e+00  1.190147e-04  4.592391e-11 
 1.995262e+00  1.190147e-04  4.602977e-11 
 1.999862e+00  1.190147e-04  4.613588e-11 
 2.004472e+00  1.190147e-04  4.624224e-11 
 2.009093e+00  1.190147e-04  4.634884e-11 
 2.013724e+00  1.190147e-04  4.645568e-11 
 2.018366e+00  1.190147e-04  4.656277e-11 
 2.023019e+00  1.190147e-04  4.667011e-11 
 2.027683e+00  1.190147e-04  4.677770e-11 
 2.032357e+00  1.190147e-04  4.688553e-11 
 2.037042e+00  1.190147e-04  4.699361e-11 
 2.041738e+00  1.190147e-04  4.710195e-11 
 2.046445e+00  1.190147e-04  4.721053e-11 
 2.051162e+00  1.190147e-04  4.731936e-11 
 2.055891e+00  1.190147e-04  4.742844e-11 
 2.060630e+00  1.190147e-04  4.753777e-11 
 2.065380e+00  1.190147e-04  4.764736e-11 
 2.070141e+00  1.190147e-04  4.775720e-11 
 2.074914e+00  1.190147e-04  4.786729e-11 
 2.079697e+00  1.190147e-04  4.797764e-11 
 2.084491e+00  1.190147e-04  4.808824e-11 
 2.089296e+00  1.190147e-04  4.819909e-11 
 2.094112e+00  1.190147e-04  4.831020e-11 
 2.098940e+00  1.190147e-04  4.842157e-11 
 2.103778e+00  1.190147e-04  4.853319e-11 
 2.108628e+00  1.190147e-04  4.864507e-11 
 2.113489e+00  1.190147e-04  4.875721e-11 
 2.118361e+00  1.190147e-04  4.886961e-11 
 2.123244e+00  1.190147e-04  4.898226e-11 
 2.128139e+00  1.190147e-04  4.909518e-11 
 2.133045e+00  1.190147e-04  4.920836e-11 
 2.137962e+00  1.190147e-04  4.932179e-11 
 2.142891e+00  1.190147e-04  4.943549e-11 
 2.147830e+00  1.190147e-04  4.954945e-11 
 2.152782e+00  1.190147e-04  4.966367e-11 
 2.157744e+00  1.190147e-04  4.977816e-11 
 2.162719e+00  1.190147e-04  4.989291e-11 
 2.167704e+00  1.190147e-04  5.000793e-11 
 2.172701e+00  1.190147e-04  5.012321e-11 
 2.177710e+00  1.190147e-04  5.023875e-11 
 2.182730e+00  1.190147e-04  5.035457e-11 
 2.187762e+00  1.190147e-04  5.047064e-11 
 2.192805e+00  1.190147e-04  5.058699e-11 
 2.197860e+00  1.190147e-04  5.070361e-11 
 2.202926e+00  1.190147e-04  5.082049e-11 
 2.208005e+00  1.190147e-04  5.093764e-11 
 2.213095e+00  1.190147e-04  5.105507e-11 
 2.218196e+00  1.190147e-04  5.117276e-11 
 2.223310e+00  1.190147e-04  5.129073e-11 
 2.228435e+00  1.190147e-04  5.140896e-11 
 2.233572e+00  1.190147e-04  5.152747e-11 
 2.238721e+00  1.190147e-04  5.164626e-11 
 2.243882e+00  1.190147e-04  5.176531e-11 
 2.249055e+00  1.190147e-04  5.188464e-11 
 2.254239e+00  1.190147e-04  5.200425e-11 
 2.259436e+00  1.190147e-04  5.212413e-11 
 2.264644e+00  1.190147e-04  5.224429e-11 
 2.269865e+00  1.190147e-04  5.236473e-11 
 2.275097e+00  1.190147e-04  5.248544e-11 
 2.280342e+00  1.190147e-04  5.260643e-11 
 2.285599e+00  1.190147e-04  5.272770e-11 
 2.290868e+00  1.190147e-04  5.284925e-11 
 2.296149e+00  1.190147e-04  5.297108e-11 
 2.301442e+00  1.190147e-04  5.309319e-11 
 2.306747e+00  1.190147e-04  5.321559e-11 
 2.312065e+00  1.190147e-04  5.333826e-11 
 2.317395e+00  1.190147e-04  5.346122e-11 
 2.322737e+00  1.190147e-04  5.358446e-11 
 2.328091e+00  1.190147e-04  5.370798e-11 
 2.333458e+00  1.190147e-04  5.383179e-11 
 2.338837e+00  1.190147e-04  5.395589e-11 
 2.344229e+00  1.190147e-04  5.408027e-11 
 2.349633e+00  1.190147e-04  5.420494e-11 
 2.355049e+00  1.190147e-04  5.432989e-11 
 2.360478e+00  1.190147e-04  5.445514e-11 
 2.365920e+00  1.190147e-04  5.458067e-11 
 2.371374e+00  1.190147e-04  5.470649e-11 
 2.376840e+00  1.190147e-04  5.483260e-11 
 2.382319e+00  1.190147e-04  5.495900e-11 
 2.387811e+00  1.190147e-04  5.508570e-11 
 2.393316e+00  1.190147e-04  5.521268e-11 
 2.398833e+00  1.190147e-04  5.533996e-11 
 2.404363e+00  1.190147e-04  5.546753e-11 
 2.409905e+00  1.190147e-04  5.559540e-11 
 2.415461e+00  1.190147e-04  5.572356e-11 
 2.421029e+00  1.190147e-04  5.585202e-11 
 2.426610e+00  1.190147e-04  5.598077e-11 
 2.432204e+00  1.190147e-04  5.610982e-11 
 2.437811e+00  1.190147e-04  5.623916e-11 
 2.443431e+00  1.190147e-04  5.636881e-11 
 2.449063e+00  1.190147e-04  5.649875e-11 
 2.454709e+00  1.190147e-04  5.662899e-11 
 2.460368e+00  1.190147e-04  5.675954e-11 
 2.466039e+00  1.190147e-04  5.689038e-11 
 2.471724e+00  1.190147e-04  5.702153e-11 
 2.477422e+00  1.190147e-04  5.715298e-11 
 2.483133e+00  1.190147e-04  5.728473e-11 
 2.488857e+00  1.190147e-04  5.741678e-11 
 2.494595e+00  1.190147e-04  5.754914e-11 
 2.500345e+00  1.190147e-04  5.768181e-11 
 2.506109e+00  1.190147e-04  5.781478e-11 
 2.511886e+00  1.190147e-04  5.794805e-11 
 2.517677e+00  1.190147e-04  5.808164e-11 
 2.523481e+00  1.190147e-04  5.821553e-11 
 2.529298e+00  1.190147e-04  5.834973e-11 
 2.535129e+00  1.190147e-04  5.848424e-11 
 2.540973e+00  1.190147e-04  5.861906e-11 
 2.546830e+00  1.190147e-04  5.875419e-11 
 2.552701e+00  1.190147e-04  5.888963e-11 
 2.558586e+00  1.190147e-04  5.902539e-11 
 2.564484e+00  1.190147e-04  5.916146e-11 
 2.570396e+00  1.190147e-04  5.929784e-11 
 2.576321e+00  1.190147e-04  5.943453e-11 
 2.582260e+00  1.190147e-04  5.957154e-11 
 2.588213e+00  1.190147e-04  5.970887e-11 
 2.594179e+00  1.190147e-04  5.984651e-11 
 2.600160e+00  1.190147e-04  5.998447e-11 
 2.606154e+00  1.190147e-04  6.012275e-11 
 2.612161e+00  1.190147e-04  6.026135e-11 
 2.618183e+00  1.190147e-04  6.040027e-11 
 2.624219e+00  1.190147e-04  6.053950e-11 
 2.630268e+00  1.190147e-04  6.067906e-11 
 2.636331e+00  1.190147e-04  6.081894e-11 
 2.642409e+00  1.190147e-04  6.095914e-11 
 2.648500e+00  1.190147e-04  6.109967e-11 
 2.654606e+00  1.190147e-04  6.124052e-11 
 2.660725e+00  1.190147e-04  6.138169e-11 
 2.666859e+00  1.190147e-04  6.152319e-11 
 2.673006e+00  1.190147e-04  6.166502e-11 
 2.679168e+00  1.190147e-04  6.180717e-11 
 2.685344e+00  1.190147e-04  6.194965e-11 
 2.691535e+00  1.190147e-04  6.209246e-11 
 2.697739e+00  1.190147e-04  6.223560e-11 
 2.703958e+00  1.190147e-04  6.237906e-11 
 2.710192e+00  1.190147e-04  6.252286e-11 
 2.716439e+00  1.190147e-04  6.266699e-11 
 2.722701e+00  1.190147e-04  6.281145e-11 
 2.728978e+00  1.190147e-04  6.295625e-11 
 2.735269e+00  1.190147e-04  6.310138e-11 
 2.741574e+00  1.190147e-04  6.324684e-11 
 2.747894e+00  1.190147e-04  6.339264e-11 
 2.754229e+00  1.190147e-04  6.353878e-11 
 2.760578e+00  1.190147e-04  6.368525e-11 
 2.766942e+00  1.190147e-04  6.383206e-11 
 2.773320e+00  1.190147e-04  6.397921e-11 
 2.779713e+00  1.190147e-04  6.412669e-11 
 2.786121e+00  1.190147e-04  6.427452e-11 
 2.792544e+00  1.190147e-04  6.442269e-11 
 2.798981e+00  1.190147e-04  6.457120e-11 
 2.805434e+00  1.190147e-04  6.472005e-11 
 2.811901e+00  1.190147e-04  6.486925e-11 
 2.818383e+00  1.190147e-04  6.501878e-11 
 2.824880e+00  1.190147e-04  6.516867e-11 
 2.831392e+00  1.190147e-04  6.531890e-11 
 2.837919e+00  1.190147e-04  6.546947e-11 
 2.844461e+00  1.190147e-04  6.562040e-11 
 2.851018e+00  1.190147e-04  6.577167e-11 
 2.857591e+00  1.190147e-04  6.592329e-11 
 2.864178e+00  1.190147e-04  6.607526e-11 
 2.870781e+00  1.190147e-04  6.622757e-11 
 2.877398e+00  1.190147e-04  6.638024e-11 
 2.884032e+00  1.190147e-04  6.653327e-11 
 2.890680e+00  1.190147e-04  6.668664e-11 
 2.897344e+00  1.190147e-04  6.684037e-11 
 2.904023e+00  1.190147e-04  6.699445e-11 
 2.910717e+00  1.190147e-04  6.714889e-11 
 2.917427e+00  1.190147e-04  6.730369e-11 
 2.924152e+00  1.190147e-04  6.745884e-11 
 2.930893e+00  1.190147e-04  6.761435e-11 
 2.937650e+00  1.190147e-04  6.777021e-11 
 2.944422e+00  1.190147e-04  6.792644e-11 
 2.951209e+00  1.190147e-04  6.808303e-11 
 2.958012e+00  1.190147e-04  6.823997e-11 
 2.964831e+00  1.190147e-04  6.839728e-11 
 2.971666e+00  1.190147e-04  6.855495e-11 
 2.978516e+00  1.190147e-04  6.871299e-11 
 2.985383e+00  1.190147e-04  6.887139e-11 
 2.992265e+00  1.190147e-04  6.903016e-11 
 2.999163e+00  1.190147e-04  6.918929e-11 
 3.006076e+00  1.190147e-04  6.934878e-11 
 3.013006e+00  1.190147e-04  6.950865e-11 
 3.019952e+00  1.190147e-04  6.966888e-11 
 3.026913e+00  1.190147e-04  6.982949e-11 
 3.033891e+00  1.190147e-04  6.999046e-11 
 3.040885e+00  1.190147e-04  7.015180e-11 
 3.047895e+00  1.190147e-04  7.031352e-11 
 3.054921e+00  1.190147e-04  7.047561e-11 
 3.061963e+00  1.190147e-04  7.063807e-11 
 3.069022e+00  1.190147e-04  7.080091e-11 
 3.076097e+00  1.190147e-04  7.096412e-11 
 3.083188e+00  1.190147e-04  7.112771e-11 
 3.090295e+00  1.190147e-04  7.129168e-11 
 3.097419e+00  1.190147e-04  7.145602e-11 
 3.104560e+00  1.190147e-04  7.162075e-11 
 3.111716e+00  1.190147e-04  7.178585e-11 
 3.118890e+00  1.190147e-04  7.195133e-11 
 3.126079e+00  1.190147e-04  7.211720e-11 
 3.133286e+00  1.190147e-04  7.228345e-11 
 3.140509e+00  1.190147e-04  7.245008e-11 
 3.147748e+00  1.190147e-04  7.261709e-11 
 3.155005e+00  1.190147e-04  7.278449e-11 
 3.162278e+00  1.190147e-04  7.295228e-11 
 3.169567e+00  1.190147e-04  7.312045e-11 
 3.176874e+00  1.190147e-04  7.328901e-11 
 3.184198e+00  1.190147e-04  7.345796e-11 
 3.191538e+00  1.190147e-04  7.362730e-11 
 3.198895e+00  1.190147e-04  7.379702e-11 
 3.206269e+00  1.190147e-04  7.396714e-11 
 3.213661e+00  1.190147e-04  7.413766e-11 
 3.221069e+00  1.190147e-04  7.430856e-11 
 3.228494e+00  1.190147e-04  7.447986e-11 
 3.235937e+00  1.190147e-04  7.465155e-11 
 3.243396e+00  1.190147e-04  7.482364e-11 
 3.250873e+00  1.190147e-04  7.499613e-11 
 3.258367e+00  1.190147e-04  7.516901e-11 
 3.265878e+00  1.190147e-04  7.534230e-11 
 3.273407e+00  1.190147e-04  7.551598e-11 
 3.280953e+00  1.190147e-04  7.569006e-11 
 3.288516e+00  1.190147e-04  7.586454e-11 
 3.296097e+00  1.190147e-04  7.603943e-11 
 3.303695e+00  1.190147e-04  7.621472e-11 
 3.311311e+00  1.190147e-04  7.639041e-11 
 3.318945e+00  1.190147e-04  7.656651e-11 
 3.326596e+00  1.190147e-04  7.674301e-11 
 3.334264e+00  1.190147e-04  7.691992e-11 
 3.341950e+00  1.190147e-04  7.709724e-11 
 3.349654e+00  1.190147e-04  7.727497e-11 
 3.357376e+00  1.190147e-04  7.745311e-11 
 3.365116e+00  1.190147e-04  7.763166e-11 
 3.372873e+00  1.190147e-04  7.781062e-11 
 3.380648e+00  1.190147e-04  7.798999e-11 
 3.388442e+00  1.190147e-04  7.816977e-11 
 3.396253e+00  1.190147e-04  7.834997e-11 
 3.404082e+00  1.190147e-04  7.853059e-11 
 3.411929e+00  1.190147e-04  7.871162e-11 
 3.419794e+00  1.190147e-04  7.889307e-11 
 3.427678e+00  1.190147e-04  7.907494e-11 
 3.435579e+00  1.190147e-04  7.925722e-11 
 3.443499e+00  1.190147e-04  7.943993e-11 
 3.451437e+00  1.190147e-04  7.962306e-11 
 3.459394e+00  1.190147e-04  7.980661e-11 
 3.467369e+00  1.190147e-04  7.999058e-11 
 3.475362e+00  1.190147e-04  8.017498e-11 
 3.483373e+00  1.190147e-04  8.035980e-11 
 3.491403e+00  1.190147e-04  8.054505e-11 
 3.499452e+00  1.190147e-04  8.073072e-11 
 3.507519e+00  1.190147e-04  8.091683e-11 
 3.515604e+00  1.190147e-04  8.110336e-11 
 3.523709e+00  1.190147e-04  8.129032e-11 
 3.531832e+00  1.190147e-04  8.147772e-11 
 3.539973e+00  1.190147e-04  8.166554e-11 
 3.548134e+00  1.190147e-04  8.185380e-11 
 3.556313e+00  1.190147e-04  8.204249e-11 
 3.564511e+00  1.190147e-04  8.223162e-11 
 3.572728e+00  1.190147e-04  8.242118e-11 
 3.580964e+00  1.190147e-04  8.261118e-11 
 3.589219e+00  1.190147e-04  8.280162e-11 
 3.597493e+00  1.190147e-04  8.299250e-11 
 3.605786e+00  1.190147e-04  8.318382e-11 
 3.614099e+00  1.190147e-04  8.337558e-11 
 3.622430e+00  1.190147e-04  8.356778e-11 
 3.630781e+00  1.190147e-04  8.376042e-11 
 3.639150e+00  1.190147e-04  8.395351e-11 
 3.647539e+00  1.190147e-04  8.414704e-11 
 3.655948e+00  1.190147e-04  8.434102e-11 
 3.664376e+00  1.190147e-04  8.453545e-11 
 3.672823e+00  1.190147e-04  8.473032e-11 
 3.681290e+00  1.190147e-04  8.492564e-11 
 3.689776e+00  1.190147e-04  8.512142e-11 
 3.698282e+00  1.190147e-04  8.531764e-11 
 3.706807e+00  1.190147e-04  8.551432e-11 
 3.715352e+00  1.190147e-04  8.571145e-11 
 3.723917e+00  1.190147e-04  8.590904e-11 
 3.732502e+00  1.190147e-04  8.610708e-11 
 3.741106e+00  1.190147e-04  8.630557e-11 
 3.749730e+00  1.190147e-04  8.650453e-11 
 3.758374e+00  1.190147e-04  8.670394e-11 
 3.767038e+00  1.190147e-04  8.690382e-11 
 3.775722e+00  1.190147e-04  8.710415e-11 
 3.784426e+00  1.190147e-04  8.730495e-11 
 3.793150e+00  1.190147e-04  8.750620e-11 
 3.801894e+00  1.190147e-04  8.770793e-11 
 3.810658e+00  1.190147e-04  8.791012e-11 
 3.819443e+00  1.190147e-04  8.811277e-11 
 3.828247e+00  1.190147e-04  8.831589e-11 
 3.837072e+00  1.190147e-04  8.851948e-11 
 3.845918e+00  1.190147e-04  8.872354e-11 
 3.854784e+00  1.190147e-04  8.892807e-11 
 3.863670e+00  1.190147e-04  8.913307e-11 
 3.872576e+00  1.190147e-04  8.933854e-11 
 3.881504e+00  1.190147e-04  8.954449e-11 
 3.890451e+00  1.190147e-04  8.975091e-11 
 3.899420e+00  1.190147e-04  8.995780e-11 
 3.908409e+00  1.190147e-04  9.016518e-11 
 3.917419e+00  1.190147e-04  9.037303e-11 
 3.926449e+00  1.190147e-04  9.058136e-11 
 3.935501e+00  1.190147e-04  9.079017e-11 
 3.944573e+00  1.190147e-04  9.099947e-11 
 3.953666e+00  1.190147e-04  9.120924e-11 
 3.962780e+00  1.190147e-04  9.141950e-11 
 3.971915e+00  1.190147e-04  9.163025e-11 
 3.981072e+00  1.190147e-04  9.184147e-11 
 3.990249e+00  1.190147e-04  9.205319e-11 
 3.999447e+00  1.190147e-04  9.226540e-11 
 4.008667e+00  1.190147e-04  9.247809e-11 
 4.017908e+00  1.190147e-04  9.269127e-11 
 4.027170e+00  1.190147e-04  9.290495e-11 
 4.036454e+00  1.190147e-04  9.311912e-11 
 4.045759e+00  1.190147e-04  9.333378e-11 
 4.055085e+00  1.190147e-04  9.354894e-11 
 4.064433e+00  1.190147e-04  9.376459e-11 
 4.073803e+00  1.190147e-04  9.398074e-11 
 4.083194e+00  1.190147e-04  9.419739e-11 
 4.092607e+00  1.190147e-04  9.441453e-11 
 4.102041e+00  1.190147e-04  9.463218e-11 
 4.111497e+00  1.190147e-04  9.485033e-11 
 4.120975e+00  1.190147e-04  9.506898e-11 
 4.130475e+00  1.190147e-04  9.528814e-11 
 4.139997e+00  1.190147e-04  9.550780e-11 
 4.149540e+00  1.190147e-04  9.572797e-11 
 4.159106e+00  1.190147e-04  9.594865e-11 
 4.168694e+00  1.190147e-04  9.616983e-11 
 4.178304e+00  1.190147e-04  9.639152e-11 
 4.187936e+00  1.190147e-04  9.661373e-11 
 4.197590e+00  1.190147e-04  9.683645e-11 
 4.207266e+00  1.190147e-04  9.705968e-11 
 4.216965e+00  1.190147e-04  9.728342e-11 
 4.226686e+00  1.190147e-04  9.750769e-11 
 4.236430e+00  1.190147e-04  9.773246e-11 
 4.246196e+00  1.190147e-04  9.795776e-11 
 4.255984e+00  1.190147e-04  9.818358e-11 
 4.265795e+00  1.190147e-04  9.840991e-11 
 4.275629e+00  1.190147e-04  9.863677e-11 
 4.285485e+00  1.190147e-04  9.886415e-11 
 4.295364e+00  1.190147e-04  9.909206e-11 
 4.305266e+00  1.190147e-04  9.932049e-11 
 4.315191e+00  1.190147e-04  9.954945e-11 
 4.325138e+00  1.190147e-04  9.977893e-11 
 4.335109e+00  1.190147e-04  1.000089e-10 
 4.345102e+00  1.190147e-04  1.002395e-10 
 4.355119e+00  1.190147e-04  1.004706e-10 
 4.365158e+00  1.190147e-04  1.007022e-10 
 4.375221e+00  1.190147e-04  1.009343e-10 
 4.385307e+00  1.190147e-04  1.011670e-10 
 4.395416e+00  1.190147e-04  1.014002e-10 
 4.405549e+00  1.190147e-04  1.016340e-10 
 4.415704e+00  1.190147e-04  1.018683e-10 
 4.425884e+00  1.190147e-04  1.021031e-10 
 4.436086e+00  1.190147e-04  1.023385e-10 
 4.446313e+00  1.190147e-04  1.025744e-10 
 4.456562e+00  1.190147e-04  1.028108e-10 
 4.466836e+00  1.190147e-04  1.030478e-10 
 4.477133e+00  1.190147e-04  1.032854e-10 
 4.487454e+00  1.190147e-04  1.035235e-10 
 4.497799e+00  1.190147e-04  1.037621e-10 
 4.508167e+00  1.190147e-04  1.040013e-10 
 4.518559e+00  1.190147e-04  1.042411e-10 
 4.528976e+00  1.190147e-04  1.044814e-10 
 4.539416e+00  1.190147e-04  1.047222e-10 
 4.549881e+00  1.190147e-04  1.049636e-10 
 4.560369e+00  1.190147e-04  1.052056e-10 
 4.570882e+00  1.190147e-04  1.054481e-10 
 4.581419e+00  1.190147e-04  1.056912e-10 
 4.591980e+00  1.190147e-04  1.059348e-10 
 4.602566e+00  1.190147e-04  1.061791e-10 
 4.613176e+00  1.190147e-04  1.064238e-10 
 4.623810e+00  1.190147e-04  1.066692e-10 
 4.634469e+00  1.190147e-04  1.069151e-10 
 4.645153e+00  1.190147e-04  1.071615e-10 
 4.655861e+00  1.190147e-04  1.074085e-10 
 4.666594e+00  1.190147e-04  1.076562e-10 
 4.677351e+00  1.190147e-04  1.079043e-10 
 4.688134e+00  1.190147e-04  1.081531e-10 
 4.698941e+00  1.190147e-04  1.084024e-10 
 4.709773e+00  1.190147e-04  1.086523e-10 
 4.720630e+00  1.190147e-04  1.089028e-10 
 4.731513e+00  1.190147e-04  1.091538e-10 
 4.742420e+00  1.190147e-04  1.094054e-10 
 4.753352e+00  1.190147e-04  1.096576e-10 
 4.764310e+00  1.190147e-04  1.099104e-10 
 4.775293e+00  1.190147e-04  1.101638e-10 
 4.786301e+00  1.190147e-04  1.104177e-10 
 4.797334e+00  1.190147e-04  1.106723e-10 
 4.808393e+00  1.190147e-04  1.109274e-10 
 4.819478e+00  1.190147e-04  1.111831e-10 
 4.830588e+00  1.190147e-04  1.114394e-10 
 4.841724e+00  1.190147e-04  1.116963e-10 
 4.852885e+00  1.190147e-04  1.119538e-10 
 4.864072e+00  1.190147e-04  1.122119e-10 
 4.875285e+00  1.190147e-04  1.124706e-10 
 4.886524e+00  1.190147e-04  1.127298e-10 
 4.897788e+00  1.190147e-04  1.129897e-10 
 4.909079e+00  1.190147e-04  1.132502e-10 
 4.920395e+00  1.190147e-04  1.135112e-10 
 4.931738e+00  1.190147e-04  1.137729e-10 
 4.943107e+00  1.190147e-04  1.140352e-10 
 4.954502e+00  1.190147e-04  1.142981e-10 
 4.965923e+00  1.190147e-04  1.145615e-10 
 4.977371e+00  1.190147e-04  1.148256e-10 
 4.988845e+00  1.190147e-04  1.150903e-10 
 5.000345e+00  1.190147e-04  1.153556e-10 
 5.011872e+00  1.190147e-04  1.156216e-10 
 5.023426e+00  1.190147e-04  1.158881e-10 
 5.035006e+00  1.190147e-04  1.161553e-10 
 5.046613e+00  1.190147e-04  1.164230e-10 
 5.058247e+00  1.190147e-04  1.166914e-10 
 5.069907e+00  1.190147e-04  1.169604e-10 
 5.081594e+00  1.190147e-04  1.172300e-10 
 5.093309e+00  1.190147e-04  1.175003e-10 
 5.105050e+00  1.190147e-04  1.177711e-10 
 5.116818e+00  1.190147e-04  1.180426e-10 
 5.128614e+00  1.190147e-04  1.183147e-10 
 5.140437e+00  1.190147e-04  1.185875e-10 
 5.152286e+00  1.190147e-04  1.188609e-10 
 5.164164e+00  1.190147e-04  1.191349e-10 
 5.176068e+00  1.190147e-04  1.194095e-10 
 5.188000e+00  1.190147e-04  1.196848e-10 
 5.199960e+00  1.190147e-04  1.199607e-10 
 5.211947e+00  1.190147e-04  1.202372e-10 
 5.223962e+00  1.190147e-04  1.205144e-10 
 5.236004e+00  1.190147e-04  1.207922e-10 
 5.248075e+00  1.190147e-04  1.210706e-10 
 5.260173e+00  1.190147e-04  1.213497e-10 
 5.272299e+00  1.190147e-04  1.216295e-10 
 5.284453e+00  1.190147e-04  1.219099e-10 
 5.296634e+00  1.190147e-04  1.221909e-10 
 5.308844e+00  1.190147e-04  1.224726e-10 
 5.321083e+00  1.190147e-04  1.227549e-10 
 5.333349e+00  1.190147e-04  1.230379e-10 
 5.345644e+00  1.190147e-04  1.233215e-10 
 5.357967e+00  1.190147e-04  1.236058e-10 
 5.370318e+00  1.190147e-04  1.238907e-10 
 5.382698e+00  1.190147e-04  1.241763e-10 
 5.395106e+00  1.190147e-04  1.244626e-10 
 5.407543e+00  1.190147e-04  1.247495e-10 
 5.420009e+00  1.190147e-04  1.250371e-10 
 5.432503e+00  1.190147e-04  1.253253e-10 
 5.445027e+00  1.190147e-04  1.256142e-10 
 5.457579e+00  1.190147e-04  1.259038e-10 
 5.470160e+00  1.190147e-04  1.261940e-10 
 5.482770e+00  1.190147e-04  1.264849e-10 
 5.495409e+00  1.190147e-04  1.267765e-10 
 5.508077e+00  1.190147e-04  1.270688e-10 
 5.520774e+00  1.190147e-04  1.273617e-10 
 5.533501e+00  1.190147e-04  1.276553e-10 
 5.546257e+00  1.190147e-04  1.279496e-10 
 5.559043e+00  1.190147e-04  1.282445e-10 
 5.571857e+00  1.190147e-04  1.285402e-10 
 5.584702e+00  1.190147e-04  1.288365e-10 
 5.597576e+00  1.190147e-04  1.291335e-10 
 5.610480e+00  1.190147e-04  1.294312e-10 
 5.623413e+00  1.190147e-04  1.297295e-10 
 5.636377e+00  1.190147e-04  1.300286e-10 
 5.649370e+00  1.190147e-04  1.303283e-10 
 5.662393e+00  1.190147e-04  1.306288e-10 
 5.675446e+00  1.190147e-04  1.309299e-10 
 5.688529e+00  1.190147e-04  1.312317e-10 
 5.701643e+00  1.190147e-04  1.315342e-10 
 5.714786e+00  1.190147e-04  1.318375e-10 
 5.727960e+00  1.190147e-04  1.321414e-10 
 5.741165e+00  1.190147e-04  1.324460e-10 
 5.754399e+00  1.190147e-04  1.327513e-10 
 5.767665e+00  1.190147e-04  1.330573e-10 
 5.780960e+00  1.190147e-04  1.333641e-10 
 5.794287e+00  1.190147e-04  1.336715e-10 
 5.807644e+00  1.190147e-04  1.339797e-10 
 5.821032e+00  1.190147e-04  1.342885e-10 
 5.834451e+00  1.190147e-04  1.345981e-10 
 5.847901e+00  1.190147e-04  1.349084e-10 
 5.861382e+00  1.190147e-04  1.352194e-10 
 5.874894e+00  1.190147e-04  1.355311e-10 
 5.888437e+00  1.190147e-04  1.358435e-10 
 5.902011e+00  1.190147e-04  1.361566e-10 
 5.915616e+00  1.190147e-04  1.364705e-10 
 5.929253e+00  1.190147e-04  1.367851e-10 
 5.942922e+00  1.190147e-04  1.371004e-10 
 5.956621e+00  1.190147e-04  1.374165e-10 
 5.970353e+00  1.190147e-04  1.377333e-10 
 5.984116e+00  1.190147e-04  1.380508e-10 
 5.997911e+00  1.190147e-04  1.383690e-10 
 6.011737e+00  1.190147e-04  1.386880e-10 
 6.025596e+00  1.190147e-04  1.390077e-10 
 6.039486e+00  1.190147e-04  1.393281e-10 
 6.053409e+00  1.190147e-04  1.396493e-10 
 6.067363e+00  1.190147e-04  1.399713e-10 
 6.081350e+00  1.190147e-04  1.402939e-10 
 6.095369e+00  1.190147e-04  1.406173e-10 
 6.109420e+00  1.190147e-04  1.409415e-10 
 6.123504e+00  1.190147e-04  1.412664e-10 
 6.137620e+00  1.190147e-04  1.415920e-10 
 6.151769e+00  1.190147e-04  1.419184e-10 
 6.165950e+00  1.190147e-04  1.422456e-10 
 6.180164e+00  1.190147e-04  1.425735e-10 
 6.194411e+00  1.190147e-04  1.429022e-10 
 6.208690e+00  1.190147e-04  1.432316e-10 
 6.223003e+00  1.190147e-04  1.435618e-10 
 6.237348e+00  1.190147e-04  1.438927e-10 
 6.251727e+00  1.190147e-04  1.442244e-10 
 6.266139e+00  1.190147e-04  1.445569e-10 
 6.280584e+00  1.190147e-04  1.448901e-10 
 6.295062e+00  1.190147e-04  1.452242e-10 
 6.309573e+00  1.190147e-04  1.455589e-10 
 6.324119e+00  1.190147e-04  1.458945e-10 
 6.338697e+00  1.190147e-04  1.462308e-10 
 6.353309e+00  1.190147e-04  1.465679e-10 
 6.367955e+00  1.190147e-04  1.469058e-10 
 6.382635e+00  1.190147e-04  1.472444e-10 
 6.397348e+00  1.190147e-04  1.475839e-10 
 6.412096e+00  1.190147e-04  1.479241e-10 
 6.426877e+00  1.190147e-04  1.482651e-10 
 6.441693e+00  1.190147e-04  1.486069e-10 
 6.456542e+00  1.190147e-04  1.489494e-10 
 6.471426e+00  1.190147e-04  1.492928e-10 
 6.486344e+00  1.190147e-04  1.496370e-10 
 6.501297e+00  1.190147e-04  1.499819e-10 
 6.516284e+00  1.190147e-04  1.503276e-10 
 6.531306e+00  1.190147e-04  1.506742e-10 
 6.546362e+00  1.190147e-04  1.510215e-10 
 6.561453e+00  1.190147e-04  1.513697e-10 
 6.576578e+00  1.190147e-04  1.517186e-10 
 6.591739e+00  1.190147e-04  1.520684e-10 
 6.606934e+00  1.190147e-04  1.524189e-10 
 6.622165e+00  1.190147e-04  1.527703e-10 
 6.637431e+00  1.190147e-04  1.531224e-10 
 6.652732e+00  1.190147e-04  1.534754e-10 
 6.668068e+00  1.190147e-04  1.538292e-10 
 6.683439e+00  1.190147e-04  1.541838e-10 
 6.698846e+00  1.190147e-04  1.545393e-10 
 6.714289e+00  1.190147e-04  1.548955e-10 
 6.729767e+00  1.190147e-04  1.552526e-10 
 6.745280e+00  1.190147e-04  1.556105e-10 
 6.760830e+00  1.190147e-04  1.559692e-10 
 6.776415e+00  1.190147e-04  1.563287e-10 
 6.792036e+00  1.190147e-04  1.566891e-10 
 6.807694e+00  1.190147e-04  1.570503e-10 
 6.823387e+00  1.190147e-04  1.574124e-10 
 6.839116e+00  1.190147e-04  1.577752e-10 
 6.854882e+00  1.190147e-04  1.581389e-10 
 6.870684e+00  1.190147e-04  1.585035e-10 
 6.886523e+00  1.190147e-04  1.588689e-10 
 6.902398e+00  1.190147e-04  1.592351e-10 
 6.918310e+00  1.190147e-04  1.596022e-10 
 6.934258e+00  1.190147e-04  1.599701e-10 
 6.950243e+00  1.190147e-04  1.603389e-10 
 6.966265e+00  1.190147e-04  1.607085e-10 
 6.982324e+00  1.190147e-04  1.610790e-10 
 6.998420e+00  1.190147e-04  1.614503e-10 
 7.014553e+00  1.190147e-04  1.618225e-10 
 7.030723e+00  1.190147e-04  1.621955e-10 
 7.046931e+00  1.190147e-04  1.625694e-10 
 7.063176e+00  1.190147e-04  1.629442e-10 
 7.079458e+00  1.190147e-04  1.633198e-10 
 7.095778e+00  1.190147e-04  1.636963e-10 
 7.112135e+00  1.190147e-04  1.640737e-10 
 7.128530e+00  1.190147e-04  1.644519e-10 
 7.144963e+00  1.190147e-04  1.648310e-10 
 7.161434e+00  1.190147e-04  1.652110e-10 
 7.177943e+00  1.190147e-04  1.655918e-10 
 7.194490e+00  1.190147e-04  1.659735e-10 
 7.211075e+00  1.190147e-04  1.663561e-10 
 7.227698e+00  1.190147e-04  1.667396e-10 
 7.244360e+00  1.190147e-04  1.671240e-10 
 7.261060e+00  1.190147e-04  1.675093e-10 
 7.277798e+00  1.190147e-04  1.678954e-10 
 7.294575e+00  1.190147e-04  1.682825e-10 
 7.311391e+00  1.190147e-04  1.686704e-10 
 7.328245e+00  1.190147e-04  1.690592e-10 
 7.345139e+00  1.190147e-04  1.694489e-10 
 7.362071e+00  1.190147e-04  1.698396e-10 
 7.379042e+00  1.190147e-04  1.702311e-10 
 7.396053e+00  1.190147e-04  1.706235e-10 
 7.413102e+00  1.190147e-04  1.710168e-10 
 7.430191e+00  1.190147e-04  1.714111e-10 
 7.447320e+00  1.190147e-04  1.718062e-10 
 7.464488e+00  1.190147e-04  1.722023e-10 
 7.481695e+00  1.190147e-04  1.725992e-10 
 7.498942e+00  1.190147e-04  1.729971e-10 
 7.516229e+00  1.190147e-04  1.733959e-10 
 7.533556e+00  1.190147e-04  1.737956e-10 
 7.550922e+00  1.190147e-04  1.741963e-10 
 7.568329e+00  1.190147e-04  1.745978e-10 
 7.585776e+00  1.190147e-04  1.750003e-10 
 7.603263e+00  1.190147e-04  1.754037e-10 
 7.620790e+00  1.190147e-04  1.758081e-10 
 7.638358e+00  1.190147e-04  1.762134e-10 
 7.655966e+00  1.190147e-04  1.766196e-10 
 7.673615e+00  1.190147e-04  1.770267e-10 
 7.691304e+00  1.190147e-04  1.774348e-10 
 7.709035e+00  1.190147e-04  1.778438e-10 
 7.726806e+00  1.190147e-04  1.782538e-10 
 7.744618e+00  1.190147e-04  1.786647e-10 
 7.762471e+00  1.190147e-04  1.790766e-10 
 7.780366e+00  1.190147e-04  1.794894e-10 
 7.798301e+00  1.190147e-04  1.799032e-10 
 7.816278e+00  1.190147e-04  1.803179e-10 
 7.834296e+00  1.190147e-04  1.807336e-10 
 7.852356e+00  1.190147e-04  1.811502e-10 
 7.870458e+00  1.190147e-04  1.815678e-10 
 7.888601e+00  1.190147e-04  1.819864e-10 
 7.906786e+00  1.190147e-04  1.824059e-10 
 7.925013e+00  1.190147e-04  1.828264e-10 
 7.943282e+00  1.190147e-04  1.832478e-10 
 7.961594e+00  1.190147e-04  1.836703e-10 
 7.979947e+00  1.190147e-04  1.840937e-10 
 7.998343e+00  1.190147e-04  1.845180e-10 
 8.016781e+00  1.190147e-04  1.849434e-10 
 8.035261e+00  1.190147e-04  1.853697e-10 
 8.053784e+00  1.190147e-04  1.857971e-10 
 8.072350e+00  1.190147e-04  1.862254e-10 
 8.090959e+00  1.190147e-04  1.866547e-10 
 8.109611e+00  1.190147e-04  1.870849e-10 
 8.128305e+00  1.190147e-04  1.875162e-10 
 8.147043e+00  1.190147e-04  1.879485e-10 
 8.165824e+00  1.190147e-04  1.883818e-10 
 8.184648e+00  1.190147e-04  1.888160e-10 
 8.203515e+00  1.190147e-04  1.892513e-10 
 8.222426e+00  1.190147e-04  1.896876e-10 
 8.241381e+00  1.190147e-04  1.901248e-10 
 8.260379e+00  1.190147e-04  1.905631e-10 
 8.279422e+00  1.190147e-04  1.910024e-10 
 8.298508e+00  1.190147e-04  1.914427e-10 
 8.317638e+00  1.190147e-04  1.918840e-10 
 8.336812e+00  1.190147e-04  1.923264e-10 
 8.356030e+00  1.190147e-04  1.927697e-10 
 8.375293e+00  1.190147e-04  1.932141e-10 
 8.394600e+00  1.190147e-04  1.936595e-10 
 8.413951e+00  1.190147e-04  1.941060e-10 
 8.433348e+00  1.190147e-04  1.945534e-10 
 8.452788e+00  1.190147e-04  1.950019e-10 
 8.472274e+00  1.190147e-04  1.954514e-10 
 8.491805e+00  1.190147e-04  1.959020e-10 
 8.511380e+00  1.190147e-04  1.963536e-10 
 8.531001e+00  1.190147e-04  1.968062e-10 
 8.550667e+00  1.190147e-04  1.972599e-10 
 8.570378e+00  1.190147e-04  1.977146e-10 
 8.590135e+00  1.190147e-04  1.981704e-10 
 8.609938e+00  1.190147e-04  1.986273e-10 
 8.629785e+00  1.190147e-04  1.990851e-10 
 8.649679e+00  1.190147e-04  1.995441e-10 
 8.669619e+00  1.190147e-04  2.000041e-10 
 8.689604e+00  1.190147e-04  2.004651e-10 
 8.709636e+00  1.190147e-04  2.009273e-10 
 8.729714e+00  1.190147e-04  2.013904e-10 
 8.749838e+00  1.190147e-04  2.018547e-10 
 8.770008e+00  1.190147e-04  2.023200e-10 
 8.790225e+00  1.190147e-04  2.027864e-10 
 8.810489e+00  1.190147e-04  2.032539e-10 
 8.830799e+00  1.190147e-04  2.037224e-10 
 8.851156e+00  1.190147e-04  2.041921e-10 
 8.871560e+00  1.190147e-04  2.046628e-10 
 8.892011e+00  1.190147e-04  2.051346e-10 
 8.912509e+00  1.190147e-04  2.056075e-10 
 8.933055e+00  1.190147e-04  2.060814e-10 
 8.953648e+00  1.190147e-04  2.065565e-10 
 8.974288e+00  1.190147e-04  2.070327e-10 
 8.994976e+00  1.190147e-04  2.075099e-10 
 9.015711e+00  1.190147e-04  2.079883e-10 
 9.036495e+00  1.190147e-04  2.084677e-10 
 9.057326e+00  1.190147e-04  2.089483e-10 
 9.078205e+00  1.190147e-04  2.094300e-10 
 9.099133e+00  1.190147e-04  2.099128e-10 
 9.120108e+00  1.190147e-04  2.103967e-10 
 9.141132e+00  1.190147e-04  2.108817e-10 
 9.162205e+00  1.190147e-04  2.113678e-10 
 9.183326e+00  1.190147e-04  2.118551e-10 
 9.204496e+00  1.190147e-04  2.123434e-10 
 9.225714e+00  1.190147e-04  2.128329e-10 
 9.246982e+00  1.190147e-04  2.133236e-10 
 9.268298e+00  1.190147e-04  2.138153e-10 
 9.289664e+00  1.190147e-04  2.143082e-10 
 9.311079e+00  1.190147e-04  2.148023e-10 
 9.332543e+00  1.190147e-04  2.152974e-10 
 9.354057e+00  1.190147e-04  2.157937e-10 
 9.375620e+00  1.190147e-04  2.162912e-10 
 9.397233e+00  1.190147e-04  2.167898e-10 
 9.418896e+00  1.190147e-04  2.172896e-10 
 9.440609e+00  1.190147e-04  2.177905e-10 
 9.462372e+00  1.190147e-04  2.182925e-10 
 9.484185e+00  1.190147e-04  2.187957e-10 
 9.506048e+00  1.190147e-04  2.193001e-10 
 9.527962e+00  1.190147e-04  2.198056e-10 
 9.549926e+00  1.190147e-04  2.203124e-10 
 9.571941e+00  1.190147e-04  2.208202e-10 
 9.594006e+00  1.190147e-04  2.213293e-10 
 9.616123e+00  1.190147e-04  2.218395e-10 
 9.638290e+00  1.190147e-04  2.223509e-10 
 9.660509e+00  1.190147e-04  2.228634e-10 
 9.682779e+00  1.190147e-04  2.233772e-10 
 9.705100e+00  1.190147e-04  2.238921e-10 
 9.727472e+00  1.190147e-04  2.244083e-10 
 9.749896e+00  1.190147e-04  2.249256e-10 
 9.772372e+00  1.190147e-04  2.254441e-10 
 9.794900e+00  1.190147e-04  2.259638e-10 
 9.817479e+00  1.190147e-04  2.264847e-10 
 9.840111e+00  1.190147e-04  2.270068e-10 
 9.862795e+00  1.190147e-04  2.275301e-10 
 9.885531e+00  1.190147e-04  2.280546e-10 
 9.908319e+00  1.190147e-04  2.285803e-10 
 9.931160e+00  1.190147e-04  2.291073e-10 
 9.954054e+00  1.190147e-04  2.296354e-10 
 9.977001e+00  1.190147e-04  2.301648e-10 
 1.000000e+01  1.190147e-04  2.306954e-10 
 1.002305e+01  1.190147e-04  2.312272e-10 
 1.004616e+01  1.190147e-04  2.317602e-10 
 1.006932e+01  1.190147e-04  2.322945e-10 
 1.009253e+01  1.190147e-04  2.328300e-10 
 1.011579e+01  1.190147e-04  2.333667e-10 
 1.013911e+01  1.190147e-04  2.339046e-10 
 1.016249e+01  1.190147e-04  2.344439e-10 
 1.018591e+01  1.190147e-04  2.349843e-10 
 1.020939e+01  1.190147e-04  2.355260e-10 
 1.023293e+01  1.190147e-04  2.360689e-10 
 1.025652e+01  1.190147e-04  2.366131e-10 
 1.028016e+01  1.190147e-04  2.371586e-10 
 1.030386e+01  1.190147e-04  2.377053e-10 
 1.032761e+01  1.190147e-04  2.382533e-10 
 1.035142e+01  1.190147e-04  2.388025e-10 
 1.037528e+01  1.190147e-04  2.393530e-10 
 1.039920e+01  1.190147e-04  2.399048e-10 
 1.042317e+01  1.190147e-04  2.404578e-10 
 1.044720e+01  1.190147e-04  2.410121e-10 
 1.047129e+01  1.190147e-04  2.415677e-10 
 1.049542e+01  1.190147e-04  2.421246e-10 
 1.051962e+01  1.190147e-04  2.426827e-10 
 1.054387e+01  1.190147e-04  2.432422e-10 
 1.056818e+01  1.190147e-04  2.438029e-10 
 1.059254e+01  1.190147e-04  2.443649e-10 
 1.061696e+01  1.190147e-04  2.449282e-10 
 1.064143e+01  1.190147e-04  2.454929e-10 
 1.066596e+01  1.190147e-04  2.460588e-10 
 1.069055e+01  1.190147e-04  2.466260e-10 
 1.071519e+01  1.190147e-04  2.471945e-10 
 1.073989e+01  1.190147e-04  2.477644e-10 
 1.076465e+01  1.190147e-04  2.483355e-10 
 1.078947e+01  1.190147e-04  2.489080e-10 
 1.081434e+01  1.190147e-04  2.494818e-10 
 1.083927e+01  1.190147e-04  2.500569e-10 
 1.086426e+01  1.190147e-04  2.506333e-10 
 1.088930e+01  1.190147e-04  2.512111e-10 
 1.091440e+01  1.190147e-04  2.517902e-10 
 1.093956e+01  1.190147e-04  2.523707e-10 
 1.096478e+01  1.190147e-04  2.529524e-10 
 1.099006e+01  1.190147e-04  2.535355e-10 
 1.101539e+01  1.190147e-04  2.541200e-10 
 1.104079e+01  1.190147e-04  2.547058e-10 
 1.106624e+01  1.190147e-04  2.552930e-10 
 1.109175e+01  1.190147e-04  2.558815e-10 
 1.111732e+01  1.190147e-04  2.564713e-10 
 1.114295e+01  1.190147e-04  2.570626e-10 
 1.116863e+01  1.190147e-04  2.576552e-10 
 1.119438e+01  1.190147e-04  2.582491e-10 
 1.122018e+01  1.190147e-04  2.588444e-10 
 1.124605e+01  1.190147e-04  2.594411e-10 
 1.127197e+01  1.190147e-04  2.600392e-10 
 1.129796e+01  1.190147e-04  2.606387e-10 
 1.132400e+01  1.190147e-04  2.612395e-10 
 1.135011e+01  1.190147e-04  2.618417e-10 
 1.137627e+01  1.190147e-04  2.624453e-10 
 1.140250e+01  1.190147e-04  2.630503e-10 
 1.142878e+01  1.190147e-04  2.636567e-10 
 1.145513e+01  1.190147e-04  2.642645e-10 
 1.148154e+01  1.190147e-04  2.648737e-10 
 1.150800e+01  1.190147e-04  2.654843e-10 
 1.153453e+01  1.190147e-04  2.660963e-10 
 1.156112e+01  1.190147e-04  2.667097e-10 
 1.158777e+01  1.190147e-04  2.673246e-10 
 1.161449e+01  1.190147e-04  2.679408e-10 
 1.164126e+01  1.190147e-04  2.685585e-10 
 1.166810e+01  1.190147e-04  2.691776e-10 
 1.169499e+01  1.190147e-04  2.697981e-10 
 1.172195e+01  1.190147e-04  2.704200e-10 
 1.174898e+01  1.190147e-04  2.710434e-10 
 1.177606e+01  1.190147e-04  2.716682e-10 
 1.180321e+01  1.190147e-04  2.722945e-10 
 1.183042e+01  1.190147e-04  2.729222e-10 
 1.185769e+01  1.190147e-04  2.735513e-10 
 1.188502e+01  1.190147e-04  2.741819e-10 
 1.191242e+01  1.190147e-04  2.748140e-10 
 1.193988e+01  1.190147e-04  2.754475e-10 
 1.196741e+01  1.190147e-04  2.760825e-10 
 1.199499e+01  1.190147e-04  2.767189e-10 
 1.202264e+01  1.190147e-04  2.773568e-10 
 1.205036e+01  1.190147e-04  2.779962e-10 
 1.207814e+01  1.190147e-04  2.786370e-10 
 1.210598e+01  1.190147e-04  2.792794e-10 
 1.213389e+01  1.190147e-04  2.799232e-10 
 1.216186e+01  1.190147e-04  2.805685e-10 
 1.218990e+01  1.190147e-04  2.812152e-10 
 1.221800e+01  1.190147e-04  2.818635e-10 
 1.224616e+01  1.190147e-04  2.825133e-10 
 1.227439e+01  1.190147e-04  2.831645e-10 
 1.230269e+01  1.190147e-04  2.838173e-10 
 1.233105e+01  1.190147e-04  2.844716e-10 
 1.235947e+01  1.190147e-04  2.851273e-10 
 1.238797e+01  1.190147e-04  2.857846e-10 
 1.241652e+01  1.190147e-04  2.864434e-10 
 1.244515e+01  1.190147e-04  2.871037e-10 
 1.247384e+01  1.190147e-04  2.877656e-10 
 1.250259e+01  1.190147e-04  2.884290e-10 
 1.253141e+01  1.190147e-04  2.890938e-10 
 1.256030e+01  1.190147e-04  2.897603e-10 
 1.258925e+01  1.190147e-04  2.904282e-10 
 1.261828e+01  1.190147e-04  2.910978e-10 
 1.264736e+01  1.190147e-04  2.917688e-10 
 1.267652e+01  1.190147e-04  2.924414e-10 
 1.270574e+01  1.190147e-04  2.931155e-10 
 1.273503e+01  1.190147e-04  2.937912e-10 
 1.276439e+01  1.190147e-04  2.944685e-10 
 1.279381e+01  1.190147e-04  2.951473e-10 
 1.282331e+01  1.190147e-04  2.958277e-10 
 1.285287e+01  1.190147e-04  2.965097e-10 
 1.288250e+01  1.190147e-04  2.971932e-10 
 1.291219e+01  1.190147e-04  2.978783e-10 
 1.294196e+01  1.190147e-04  2.985650e-10 
 1.297179e+01  1.190147e-04  2.992532e-10 
 1.300170e+01  1.190147e-04  2.999431e-10 
 1.303167e+01  1.190147e-04  3.006345e-10 
 1.306171e+01  1.190147e-04  3.013276e-10 
 1.309182e+01  1.190147e-04  3.020222e-10 
 1.312200e+01  1.190147e-04  3.027184e-10 
 1.315225e+01  1.190147e-04  3.034163e-10 
 1.318257e+01  1.190147e-04  3.041157e-10 
 1.321296e+01  1.190147e-04  3.048168e-10 
 1.324342e+01  1.190147e-04  3.055194e-10 
 1.327394e+01  1.190147e-04  3.062237e-10 
 1.330454e+01  1.190147e-04  3.069297e-10 
 1.333521e+01  1.190147e-04  3.076372e-10 
 1.336596e+01  1.190147e-04  3.083464e-10 
 1.339677e+01  1.190147e-04  3.090572e-10 
 1.342765e+01  1.190147e-04  3.097696e-10 
 1.345860e+01  1.190147e-04  3.104837e-10 
 1.348963e+01  1.190147e-04  3.111995e-10 
 1.352073e+01  1.190147e-04  3.119169e-10 
 1.355189e+01  1.190147e-04  3.126359e-10 
 1.358313e+01  1.190147e-04  3.133566e-10 
 1.361445e+01  1.190147e-04  3.140790e-10 
 1.364583e+01  1.190147e-04  3.148030e-10 
 1.367729e+01  1.190147e-04  3.155287e-10 
 1.370882e+01  1.190147e-04  3.162561e-10 
 1.374042e+01  1.190147e-04  3.169851e-10 
 1.377209e+01  1.190147e-04  3.177158e-10 
 1.380384e+01  1.190147e-04  3.184482e-10 
 1.383566e+01  1.190147e-04  3.191823e-10 
 1.386756e+01  1.190147e-04  3.199181e-10 
 1.389953e+01  1.190147e-04  3.206556e-10 
 1.393157e+01  1.190147e-04  3.213948e-10 
 1.396368e+01  1.190147e-04  3.221357e-10 
 1.399587e+01  1.190147e-04  3.228783e-10 
 1.402814e+01  1.190147e-04  3.236226e-10 
 1.406048e+01  1.190147e-04  3.243686e-10 
 1.409289e+01  1.190147e-04  3.251164e-10 
 1.412538e+01  1.190147e-04  3.258658e-10 
 1.415794e+01  1.190147e-04  3.266170e-10 
 1.419058e+01  1.190147e-04  3.273700e-10 
 1.422329e+01  1.190147e-04  3.281246e-10 
 1.425608e+01  1.190147e-04  3.288810e-10 
 1.428894e+01  1.190147e-04  3.296392e-10 
 1.432188e+01  1.190147e-04  3.303991e-10 
 1.435489e+01  1.190147e-04  3.311607e-10 
 1.438799e+01  1.190147e-04  3.319241e-10 
 1.442115e+01  1.190147e-04  3.326893e-10 
 1.445440e+01  1.190147e-04  3.334562e-10 
 1.448772e+01  1.190147e-04  3.342249e-10 
 1.452112e+01  1.190147e-04  3.349954e-10 
 1.455459e+01  1.190147e-04  3.357676e-10 
 1.458814e+01  1.190147e-04  3.365417e-10 
 1.462177e+01  1.190147e-04  3.373175e-10 
 1.465548e+01  1.190147e-04  3.380951e-10 
 1.468926e+01  1.190147e-04  3.388745e-10 
 1.472313e+01  1.190147e-04  3.396557e-10 
 1.475707e+01  1.190147e-04  3.404386e-10 
 1.479108e+01  1.190147e-04  3.412234e-10 
 1.482518e+01  1.190147e-04  3.420100e-10 
 1.485936e+01  1.190147e-04  3.427984e-10 
 1.489361e+01  1.190147e-04  3.435887e-10 
 1.492794e+01  1.190147e-04  3.443807e-10 
 1.496236e+01  1.190147e-04  3.451746e-10 
 1.499685e+01  1.190147e-04  3.459703e-10 
 1.503142e+01  1.190147e-04  3.467679e-10 
 1.506607e+01  1.190147e-04  3.475673e-10 
 1.510080e+01  1.190147e-04  3.483685e-10 
 1.513561e+01  1.190147e-04  3.491715e-10 
 1.517050e+01  1.190147e-04  3.499765e-10 
 1.520548e+01  1.190147e-04  3.507833e-10 
 1.524053e+01  1.190147e-04  3.515919e-10 
 1.527566e+01  1.190147e-04  3.524024e-10 
 1.531087e+01  1.190147e-04  3.532148e-10 
 1.534617e+01  1.190147e-04  3.540290e-10 
 1.538155e+01  1.190147e-04  3.548451e-10 
 1.541700e+01  1.190147e-04  3.556631e-10 
 1.545254e+01  1.190147e-04  3.564830e-10 
 1.548817e+01  1.190147e-04  3.573048e-10 
 1.552387e+01  1.190147e-04  3.581285e-10 
 1.555966e+01  1.190147e-04  3.589540e-10 
 1.559553e+01  1.190147e-04  3.597815e-10 
 1.563148e+01  1.190147e-04  3.606109e-10 
 1.566751e+01  1.190147e-04  3.614422e-10 
 1.570363e+01  1.190147e-04  3.622754e-10 
 1.573983e+01  1.190147e-04  3.631105e-10 
 1.577611e+01  1.190147e-04  3.639476e-10 
 1.581248e+01  1.190147e-04  3.647866e-10 
 1.584893e+01  1.190147e-04  3.656275e-10 
 1.588547e+01  1.190147e-04  3.664704e-10 
 1.592209e+01  1.190147e-04  3.673152e-10 
 1.595879e+01  1.190147e-04  3.681619e-10 
 1.599558e+01  1.190147e-04  3.690106e-10 
 1.603245e+01  1.190147e-04  3.698613e-10 
 1.606941e+01  1.190147e-04  3.707139e-10 
 1.610646e+01  1.190147e-04  3.715685e-10 
 1.614359e+01  1.190147e-04  3.724250e-10 
 1.618080e+01  1.190147e-04  3.732835e-10 
 1.621810e+01  1.190147e-04  3.741441e-10 
 1.625549e+01  1.190147e-04  3.750065e-10 
 1.629296e+01  1.190147e-04  3.758710e-10 
 1.633052e+01  1.190147e-04  3.767375e-10 
 1.636817e+01  1.190147e-04  3.776060e-10 
 1.640590e+01  1.190147e-04  3.784764e-10 
 1.644372e+01  1.190147e-04  3.793489e-10 
 1.648162e+01  1.190147e-04  3.802234e-10 
 1.651962e+01  1.190147e-04  3.810999e-10 
 1.655770e+01  1.190147e-04  3.819784e-10 
 1.659587e+01  1.190147e-04  3.828590e-10 
 1.663413e+01  1.190147e-04  3.837416e-10 
 1.667247e+01  1.190147e-04  3.846262e-10 
 1.671091e+01  1.190147e-04  3.855128e-10 
 1.674943e+01  1.190147e-04  3.864015e-10 
 1.678804e+01  1.190147e-04  3.872923e-10 
 1.682674e+01  1.190147e-04  3.881851e-10 
 1.686553e+01  1.190147e-04  3.890799e-10 
 1.690441e+01  1.190147e-04  3.899769e-10 
 1.694338e+01  1.190147e-04  3.908759e-10 
 1.698244e+01  1.190147e-04  3.917769e-10 
 1.702159e+01  1.190147e-04  3.926801e-10 
 1.706082e+01  1.190147e-04  3.935853e-10 
 1.710015e+01  1.190147e-04  3.944926e-10 
 1.713957e+01  1.190147e-04  3.954020e-10 
 1.717908e+01  1.190147e-04  3.963135e-10 
 1.721869e+01  1.190147e-04  3.972271e-10 
 1.725838e+01  1.190147e-04  3.981428e-10 
 1.729816e+01  1.190147e-04  3.990606e-10 
 1.733804e+01  1.190147e-04  3.999805e-10 
 1.737801e+01  1.190147e-04  4.009026e-10 
 1.741807e+01  1.190147e-04  4.018268e-10 
 1.745822e+01  1.190147e-04  4.027531e-10 
 1.749847e+01  1.190147e-04  4.036815e-10 
 1.753881e+01  1.190147e-04  4.046121e-10 
 1.757924e+01  1.190147e-04  4.055448e-10 
 1.761976e+01  1.190147e-04  4.064797e-10 
 1.766038e+01  1.190147e-04  4.074167e-10 
 1.770109e+01  1.190147e-04  4.083559e-10 
 1.774189e+01  1.190147e-04  4.092973e-10 
 1.778279e+01  1.190147e-04  4.102408e-10 
 1.782379e+01  1.190147e-04  4.111865e-10 
 1.786488e+01  1.190147e-04  4.121344e-10 
 1.790606e+01  1.190147e-04  4.130845e-10 
 1.794734e+01  1.190147e-04  4.140367e-10 
 1.798871e+01  1.190147e-04  4.149912e-10 
 1.803018e+01  1.190147e-04  4.159478e-10 
 1.807174e+01  1.190147e-04  4.169067e-10 
 1.811340e+01  1.190147e-04  4.178677e-10 
 1.815516e+01  1.190147e-04  4.188310e-10 
 1.819701e+01  1.190147e-04  4.197965e-10 
 1.823896e+01  1.190147e-04  4.207643e-10 
 1.828100e+01  1.190147e-04  4.217342e-10 
 1.832314e+01  1.190147e-04  4.227064e-10 
 1.836538e+01  1.190147e-04  4.236809e-10 
 1.840772e+01  1.190147e-04  4.246575e-10 
 1.845015e+01  1.190147e-04  4.256365e-10 
 1.849269e+01  1.190147e-04  4.266177e-10 
 1.853532e+01  1.190147e-04  4.276011e-10 
 1.857804e+01  1.190147e-04  4.285869e-10 
 1.862087e+01  1.190147e-04  4.295749e-10 
 1.866380e+01  1.190147e-04  4.305651e-10 
 1.870682e+01  1.190147e-04  4.315577e-10 
 1.874995e+01  1.190147e-04  4.325525e-10 
 1.879317e+01  1.190147e-04  4.335497e-10 
 1.883649e+01  1.190147e-04  4.345491e-10 
 1.887991e+01  1.190147e-04  4.355508e-10 
 1.892344e+01  1.190147e-04  4.365549e-10 
 1.896706e+01  1.190147e-04  4.375612e-10 
 1.901078e+01  1.190147e-04  4.385699e-10 
 1.905461e+01  1.190147e-04  4.395809e-10 
 1.909853e+01  1.190147e-04  4.405943e-10 
 1.914256e+01  1.190147e-04  4.416099e-10 
 1.918669e+01  1.190147e-04  4.426280e-10 
 1.923092e+01  1.190147e-04  4.436483e-10 
 1.927525e+01  1.190147e-04  4.446710e-10 
 1.931968e+01  1.190147e-04  4.456961e-10 
 1.936422e+01  1.190147e-04  4.467236e-10 
 1.940886e+01  1.190147e-04  4.477534e-10 
 1.945360e+01  1.190147e-04  4.487855e-10 
 1.949845e+01  1.190147e-04  4.498201e-10 
 1.954339e+01  1.190147e-04  4.508570e-10 
 1.958845e+01  1.190147e-04  4.518964e-10 
 1.963360e+01  1.190147e-04  4.529381e-10 
 1.967886e+01  1.190147e-04  4.539822e-10 
 1.972423e+01  1.190147e-04  4.550288e-10 
 1.976970e+01  1.190147e-04  4.560777e-10 
 1.981527e+01  1.190147e-04  4.571291e-10 
 1.986095e+01  1.190147e-04  4.581829e-10 
 1.990673e+01  1.190147e-04  4.592391e-10 
 1.995262e+01  1.190147e-04  4.602977e-10 
 1.999862e+01  1.190147e-04  4.613588e-10 
 2.004472e+01  1.190147e-04  4.624224e-10 
 2.009093e+01  1.190147e-04  4.634884e-10 
 2.013724e+01  1.190147e-04  4.645568e-10 
 2.018366e+01  1.190147e-04  4.656277e-10 
 2.023019e+01  1.190147e-04  4.667011e-10 
 2.027683e+01  1.190147e-04  4.677770e-10 
 2.032357e+01  1.190147e-04  4.688553e-10 
 2.037042e+01  1.190147e-04  4.699361e-10 
 2.041738e+01  1.190147e-04  4.710195e-10 
 2.046445e+01  1.190147e-04  4.721053e-10 
 2.051162e+01  1.190147e-04  4.731936e-10 
 2.055891e+01  1.190147e-04  4.742844e-10 
 2.060630e+01  1.190147e-04  4.753777e-10 
 2.065380e+01  1.190147e-04  4.764736e-10 
 2.070141e+01  1.190147e-04  4.775720e-10 
 2.074914e+01  1.190147e-04  4.786729e-10 
 2.079697e+01  1.190147e-04  4.797764e-10 
 2.084491e+01  1.190147e-04  4.808824e-10 
 2.089296e+01  1.190147e-04  4.819909e-10 
 2.094112e+01  1.190147e-04  4.831020e-10 
 2.098940e+01  1.190147e-04  4.842157e-10 
 2.103778e+01  1.190147e-04  4.853319e-10 
 2.108628e+01  1.190147e-04  4.864507e-10 
 2.113489e+01  1.190147e-04  4.875721e-10 
 2.118361e+01  1.190147e-04  4.886961e-10 
 2.123244e+01  1.190147e-04  4.898226e-10 
 2.128139e+01  1.190147e-04  4.909518e-10 
 2.133045e+01  1.190147e-04  4.920836e-10 
 2.137962e+01  1.190147e-04  4.932179e-10 
 2.142891e+01  1.190147e-04  4.943549e-10 
 2.147830e+01  1.190147e-04  4.954945e-10 
 2.152782e+01  1.190147e-04  4.966367e-10 
 2.157744e+01  1.190147e-04  4.977816e-10 
 2.162719e+01  1.190147e-04  4.989291e-10 
 2.167704e+01  1.190147e-04  5.000793e-10 
 2.172701e+01  1.190147e-04  5.012321e-10 
 2.177710e+01  1.190147e-04  5.023875e-10 
 2.182730e+01  1.190147e-04  5.035457e-10 
 2.187762e+01  1.190147e-04  5.047064e-10 
 2.192805e+01  1.190147e-04  5.058699e-10 
 2.197860e+01  1.190147e-04  5.070361e-10 
 2.202926e+01  1.190147e-04  5.082049e-10 
 2.208005e+01  1.190147e-04  5.093764e-10 
 2.213095e+01  1.190147e-04  5.105507e-10 
 2.218196e+01  1.190147e-04  5.117276e-10 
 2.223310e+01  1.190147e-04  5.129073e-10 
 2.228435e+01  1.190147e-04  5.140896e-10 
 2.233572e+01  1.190147e-04  5.152747e-10 
 2.238721e+01  1.190147e-04  5.164626e-10 
 2.243882e+01  1.190147e-04  5.176531e-10 
 2.249055e+01  1.190147e-04  5.188464e-10 
 2.254239e+01  1.190147e-04  5.200425e-10 
 2.259436e+01  1.190147e-04  5.212413e-10 
 2.264644e+01  1.190147e-04  5.224429e-10 
 2.269865e+01  1.190147e-04  5.236473e-10 
 2.275097e+01  1.190147e-04  5.248544e-10 
 2.280342e+01  1.190147e-04  5.260643e-10 
 2.285599e+01  1.190147e-04  5.272770e-10 
 2.290868e+01  1.190147e-04  5.284925e-10 
 2.296149e+01  1.190147e-04  5.297108e-10 
 2.301442e+01  1.190147e-04  5.309319e-10 
 2.306747e+01  1.190147e-04  5.321559e-10 
 2.312065e+01  1.190147e-04  5.333826e-10 
 2.317395e+01  1.190147e-04  5.346122e-10 
 2.322737e+01  1.190147e-04  5.358446e-10 
 2.328091e+01  1.190147e-04  5.370798e-10 
 2.333458e+01  1.190147e-04  5.383179e-10 
 2.338837e+01  1.190147e-04  5.395589e-10 
 2.344229e+01  1.190147e-04  5.408027e-10 
 2.349633e+01  1.190147e-04  5.420494e-10 
 2.355049e+01  1.190147e-04  5.432989e-10 
 2.360478e+01  1.190147e-04  5.445514e-10 
 2.365920e+01  1.190147e-04  5.458067e-10 
 2.371374e+01  1.190147e-04  5.470649e-10 
 2.376840e+01  1.190147e-04  5.483260e-10 
 2.382319e+01  1.190147e-04  5.495900e-10 
 2.387811e+01  1.190147e-04  5.508570e-10 
 2.393316e+01  1.190147e-04  5.521268e-10 
 2.398833e+01  1.190147e-04  5.533996e-10 
 2.404363e+01  1.190147e-04  5.546753e-10 
 2.409905e+01  1.190147e-04  5.559540e-10 
 2.415461e+01  1.190147e-04  5.572356e-10 
 2.421029e+01  1.190147e-04  5.585202e-10 
 2.426610e+01  1.190147e-04  5.598077e-10 
 2.432204e+01  1.190147e-04  5.610982e-10 
 2.437811e+01  1.190147e-04  5.623916e-10 
 2.443431e+01  1.190147e-04  5.636881e-10 
 2.449063e+01  1.190147e-04  5.649875e-10 
 2.454709e+01  1.190147e-04  5.662899e-10 
 2.460368e+01  1.190147e-04  5.675954e-10 
 2.466039e+01  1.190147e-04  5.689038e-10 
 2.471724e+01  1.190147e-04  5.702153e-10 
 2.477422e+01  1.190147e-04  5.715298e-10 
 2.483133e+01  1.190147e-04  5.728473e-10 
 2.488857e+01  1.190147e-04  5.741678e-10 
 2.494595e+01  1.190147e-04  5.754914e-10 
 2.500345e+01  1.190147e-04  5.768181e-10 
 2.506109e+01  1.190147e-04  5.781478e-10 
 2.511886e+01  1.190147e-04  5.794805e-10 
 2.517677e+01  1.190147e-04  5.808164e-10 
 2.523481e+01  1.190147e-04  5.821553e-10 
 2.529298e+01  1.190147e-04  5.834973e-10 
 2.535129e+01  1.190147e-04  5.848424e-10 
 2.540973e+01  1.190147e-04  5.861906e-10 
 2.546830e+01  1.190147e-04  5.875419e-10 
 2.552701e+01  1.190147e-04  5.888963e-10 
 2.558586e+01  1.190147e-04  5.902539e-10 
 2.564484e+01  1.190147e-04  5.916146e-10 
 2.570396e+01  1.190147e-04  5.929784e-10 
 2.576321e+01  1.190147e-04  5.943453e-10 
 2.582260e+01  1.190147e-04  5.957154e-10 
 2.588213e+01  1.190147e-04  5.970887e-10 
 2.594179e+01  1.190147e-04  5.984651e-10 
 2.600160e+01  1.190147e-04  5.998447e-10 
 2.606154e+01  1.190147e-04  6.012275e-10 
 2.612161e+01  1.190147e-04  6.026135e-10 
 2.618183e+01  1.190147e-04  6.040027e-10 
 2.624219e+01  1.190147e-04  6.053950e-10 
 2.630268e+01  1.190147e-04  6.067906e-10 
 2.636331e+01  1.190147e-04  6.081894e-10 
 2.642409e+01  1.190147e-04  6.095914e-10 
 2.648500e+01  1.190147e-04  6.109967e-10 
 2.654606e+01  1.190147e-04  6.124052e-10 
 2.660725e+01  1.190147e-04  6.138169e-10 
 2.666859e+01  1.190147e-04  6.152319e-10 
 2.673006e+01  1.190147e-04  6.166502e-10 
 2.679168e+01  1.190147e-04  6.180717e-10 
 2.685344e+01  1.190147e-04  6.194965e-10 
 2.691535e+01  1.190147e-04  6.209246e-10 
 2.697739e+01  1.190147e-04  6.223560e-10 
 2.703958e+01  1.190147e-04  6.237906e-10 
 2.710192e+01  1.190147e-04  6.252286e-10 
 2.716439e+01  1.190147e-04  6.266699e-10 
 2.722701e+01  1.190147e-04  6.281145e-10 
 2.728978e+01  1.190147e-04  6.295625e-10 
 2.735269e+01  1.190147e-04  6.310138e-10 
 2.741574e+01  1.190147e-04  6.324684e-10 
 2.747894e+01  1.190147e-04  6.339264e-10 
 2.754229e+01  1.190147e-04  6.353878e-10 
 2.760578e+01  1.190147e-04  6.368525e-10 
 2.766942e+01  1.190147e-04  6.383206e-10 
 2.773320e+01  1.190147e-04  6.397921e-10 
 2.779713e+01  1.190147e-04  6.412669e-10 
 2.786121e+01  1.190147e-04  6.427452e-10 
 2.792544e+01  1.190147e-04  6.442269e-10 
 2.798981e+01  1.190147e-04  6.457120e-10 
 2.805434e+01  1.190147e-04  6.472005e-10 
 2.811901e+01  1.190147e-04  6.486925e-10 
 2.818383e+01  1.190147e-04  6.501878e-10 
 2.824880e+01  1.190147e-04  6.516867e-10 
 2.831392e+01  1.190147e-04  6.531890e-10 
 2.837919e+01  1.190147e-04  6.546947e-10 
 2.844461e+01  1.190147e-04  6.562040e-10 
 2.851018e+01  1.190147e-04  6.577167e-10 
 2.857591e+01  1.190147e-04  6.592329e-10 
 2.864178e+01  1.190147e-04  6.607526e-10 
 2.870781e+01  1.190147e-04  6.622757e-10 
 2.877398e+01  1.190147e-04  6.638024e-10 
 2.884032e+01  1.190147e-04  6.653327e-10 
 2.890680e+01  1.190147e-04  6.668664e-10 
 2.897344e+01  1.190147e-04  6.684037e-10 
 2.904023e+01  1.190147e-04  6.699445e-10 
 2.910717e+01  1.190147e-04  6.714889e-10 
 2.917427e+01  1.190147e-04  6.730369e-10 
 2.924152e+01  1.190147e-04  6.745884e-10 
 2.930893e+01  1.190147e-04  6.761435e-10 
 2.937650e+01  1.190147e-04  6.777021e-10 
 2.944422e+01  1.190147e-04  6.792644e-10 
 2.951209e+01  1.190147e-04  6.808303e-10 
 2.958012e+01  1.190147e-04  6.823997e-10 
 2.964831e+01  1.190147e-04  6.839728e-10 
 2.971666e+01  1.190147e-04  6.855495e-10 
 2.978516e+01  1.190147e-04  6.871299e-10 
 2.985383e+01  1.190147e-04  6.887139e-10 
 2.992265e+01  1.190147e-04  6.903016e-10 
 2.999163e+01  1.190147e-04  6.918929e-10 
 3.006076e+01  1.190147e-04  6.934878e-10 
 3.013006e+01  1.190147e-04  6.950865e-10 
 3.019952e+01  1.190147e-04  6.966888e-10 
 3.026913e+01  1.190147e-04  6.982949e-10 
 3.033891e+01  1.190147e-04  6.999046e-10 
 3.040885e+01  1.190147e-04  7.015180e-10 
 3.047895e+01  1.190147e-04  7.031352e-10 
 3.054921e+01  1.190147e-04  7.047561e-10 
 3.061963e+01  1.190147e-04  7.063807e-10 
 3.069022e+01  1.190147e-04  7.080091e-10 
 3.076097e+01  1.190147e-04  7.096412e-10 
 3.083188e+01  1.190147e-04  7.112771e-10 
 3.090295e+01  1.190147e-04  7.129168e-10 
 3.097419e+01  1.190147e-04  7.145602e-10 
 3.104560e+01  1.190147e-04  7.162075e-10 
 3.111716e+01  1.190147e-04  7.178585e-10 
 3.118890e+01  1.190147e-04  7.195133e-10 
 3.126079e+01  1.190147e-04  7.211720e-10 
 3.133286e+01  1.190147e-04  7.228345e-10 
 3.140509e+01  1.190147e-04  7.245008e-10 
 3.147748e+01  1.190147e-04  7.261709e-10 
 3.155005e+01  1.190147e-04  7.278449e-10 
 3.162278e+01  1.190147e-04  7.295228e-10 
 3.169567e+01  1.190147e-04  7.312045e-10 
 3.176874e+01  1.190147e-04  7.328901e-10 
 3.184198e+01  1.190147e-04  7.345796e-10 
 3.191538e+01  1.190147e-04  7.362730e-10 
 3.198895e+01  1.190147e-04  7.379702e-10 
 3.206269e+01  1.190147e-04  7.396714e-10 
 3.213661e+01  1.190147e-04  7.413766e-10 
 3.221069e+01  1.190147e-04  7.430856e-10 
 3.228494e+01  1.190147e-04  7.447986e-10 
 3.235937e+01  1.190147e-04  7.465155e-10 
 3.243396e+01  1.190147e-04  7.482364e-10 
 3.250873e+01  1.190147e-04  7.499613e-10 
 3.258367e+01  1.190147e-04  7.516901e-10 
 3.265878e+01  1.190147e-04  7.534230e-10 
 3.273407e+01  1.190147e-04  7.551598e-10 
 3.280953e+01  1.190147e-04  7.569006e-10 
 3.288516e+01  1.190147e-04  7.586454e-10 
 3.296097e+01  1.190147e-04  7.603943e-10 
 3.303695e+01  1.190147e-04  7.621472e-10 
 3.311311e+01  1.190147e-04  7.639041e-10 
 3.318945e+01  1.190147e-04  7.656651e-10 
 3.326596e+01  1.190147e-04  7.674301e-10 
 3.334264e+01  1.190147e-04  7.691992e-10 
 3.341950e+01  1.190147e-04  7.709724e-10 
 3.349654e+01  1.190147e-04  7.727497e-10 
 3.357376e+01  1.190147e-04  7.745311e-10 
 3.365116e+01  1.190147e-04  7.763166e-10 
 3.372873e+01  1.190147e-04  7.781062e-10 
 3.380648e+01  1.190147e-04  7.798999e-10 
 3.388442e+01  1.190147e-04  7.816977e-10 
 3.396253e+01  1.190147e-04  7.834997e-10 
 3.404082e+01  1.190147e-04  7.853059e-10 
 3.411929e+01  1.190147e-04  7.871162e-10 
 3.419794e+01  1.190147e-04  7.889307e-10 
 3.427678e+01  1.190147e-04  7.907494e-10 
 3.435579e+01  1.190147e-04  7.925722e-10 
 3.443499e+01  1.190147e-04  7.943993e-10 
 3.451437e+01  1.190147e-04  7.962306e-10 
 3.459394e+01  1.190147e-04  7.980661e-10 
 3.467369e+01  1.190147e-04  7.999058e-10 
 3.475362e+01  1.190147e-04  8.017498e-10 
 3.483373e+01  1.190147e-04  8.035980e-10 
 3.491403e+01  1.190147e-04  8.054505e-10 
 3.499452e+01  1.190147e-04  8.073072e-10 
 3.507519e+01  1.190147e-04  8.091683e-10 
 3.515604e+01  1.190147e-04  8.110336e-10 
 3.523709e+01  1.190147e-04  8.129032e-10 
 3.531832e+01  1.190147e-04  8.147772e-10 
 3.539973e+01  1.190147e-04  8.166554e-10 
 3.548134e+01  1.190147e-04  8.185380e-10 
 3.556313e+01  1.190147e-04  8.204249e-10 
 3.564511e+01  1.190147e-04  8.223162e-10 
 3.572728e+01  1.190147e-04  8.242118e-10 
 3.580964e+01  1.190147e-04  8.261118e-10 
 3.589219e+01  1.190147e-04  8.280162e-10 
 3.597493e+01  1.190147e-04  8.299250e-10 
 3.605786e+01  1.190147e-04  8.318382e-10 
 3.614099e+01  1.190147e-04  8.337558e-10 
 3.622430e+01  1.190147e-04  8.356778e-10 
 3.630781e+01  1.190147e-04  8.376042e-10 
 3.639150e+01  1.190147e-04  8.395351e-10 
 3.647539e+01  1.190147e-04  8.414704e-10 
 3.655948e+01  1.190147e-04  8.434102e-10 
 3.664376e+01  1.190147e-04  8.453545e-10 
 3.672823e+01  1.190147e-04  8.473032e-10 
 3.681290e+01  1.190147e-04  8.492564e-10 
 3.689776e+01  1.190147e-04  8.512142e-10 
 3.698282e+01  1.190147e-04  8.531764e-10 
 3.706807e+01  1.190147e-04  8.551432e-10 
 3.715352e+01  1.190147e-04  8.571145e-10 
 3.723917e+01  1.190147e-04  8.590904e-10 
 3.732502e+01  1.190147e-04  8.610708e-10 
 3.741106e+01  1.190147e-04  8.630557e-10 
 3.749730e+01  1.190147e-04  8.650453e-10 
 3.758374e+01  1.190147e-04  8.670394e-10 
 3.767038e+01  1.190147e-04  8.690382e-10 
 3.775722e+01  1.190147e-04  8.710415e-10 
 3.784426e+01  1.190147e-04  8.730495e-10 
 3.793150e+01  1.190147e-04  8.750620e-10 
 3.801894e+01  1.190147e-04  8.770793e-10 
 3.810658e+01  1.190147e-04  8.791012e-10 
 3.819443e+01  1.190147e-04  8.811277e-10 
 3.828247e+01  1.190147e-04  8.831589e-10 
 3.837072e+01  1.190147e-04  8.851948e-10 
 3.845918e+01  1.190147e-04  8.872354e-10 
 3.854784e+01  1.190147e-04  8.892807e-10 
 3.863670e+01  1.190147e-04  8.913307e-10 
 3.872576e+01  1.190147e-04  8.933854e-10 
 3.881504e+01  1.190147e-04  8.954449e-10 
 3.890451e+01  1.190147e-04  8.975091e-10 
 3.899420e+01  1.190147e-04  8.995780e-10 
 3.908409e+01  1.190147e-04  9.016518e-10 
 3.917419e+01  1.190147e-04  9.037303e-10 
 3.926449e+01  1.190147e-04  9.058136e-10 
 3.935501e+01  1.190147e-04  9.079017e-10 
 3.944573e+01  1.190147e-04  9.099947e-10 
 3.953666e+01  1.190147e-04  9.120924e-10 
 3.962780e+01  1.190147e-04  9.141950e-10 
 3.971915e+01  1.190147e-04  9.163025e-10 
 3.981072e+01  1.190147e-04  9.184147e-10 
 3.990249e+01  1.190147e-04  9.205319e-10 
 3.999447e+01  1.190147e-04  9.226540e-10 
 4.008667e+01  1.190147e-04  9.247809e-10 
 4.017908e+01  1.190147e-04  9.269127e-10 
 4.027170e+01  1.190147e-04  9.290495e-10 
 4.036454e+01  1.190147e-04  9.311912e-10 
 4.045759e+01  1.190147e-04  9.333378e-10 
 4.055085e+01  1.190147e-04  9.354894e-10 
 4.064433e+01  1.190147e-04  9.376459e-10 
 4.073803e+01  1.190147e-04  9.398074e-10 
 4.083194e+01  1.190147e-04  9.419739e-10 
 4.092607e+01  1.190147e-04  9.441453e-10 
 4.102041e+01  1.190147e-04  9.463218e-10 
 4.111497e+01  1.190147e-04  9.485033e-10 
 4.120975e+01  1.190147e-04  9.506898e-10 
 4.130475e+01  1.190147e-04  9.528814e-10 
 4.139997e+01  1.190147e-04  9.550780e-10 
 4.149540e+01  1.190147e-04  9.572797e-10 
 4.159106e+01  1.190147e-04  9.594865e-10 
 4.168694e+01  1.190147e-04  9.616983e-10 
 4.178304e+01  1.190147e-04  9.639152e-10 
 4.187936e+01  1.190147e-04  9.661373e-10 
 4.197590e+01  1.190147e-04  9.683645e-10 
 4.207266e+01  1.190147e-04  9.705968e-10 
 4.216965e+01  1.190147e-04  9.728342e-10 
 4.226686e+01  1.190147e-04  9.750769e-10 
 4.236430e+01  1.190147e-04  9.773246e-10 
 4.246196e+01  1.190147e-04  9.795776e-10 
 4.255984e+01  1.190147e-04  9.818358e-10 
 4.265795e+01  1.190147e-04  9.840991e-10 
 4.275629e+01  1.190147e-04  9.863677e-10 
 4.285485e+01  1.190147e-04  9.886415e-10 
 4.295364e+01  1.190147e-04  9.909206e-10 
 4.305266e+01  1.190147e-04  9.932049e-10 
 4.315191e+01  1.190147e-04  9.954945e-10 
 4.325138e+01  1.190147e-04  9.977893e-10 
 4.335109e+01  1.190147e-04  1.000089e-09 
 4.345102e+01  1.190147e-04  1.002395e-09 
 4.355119e+01  1.190147e-04  1.004706e-09 
 4.365158e+01  1.190147e-04  1.007022e-09 
 4.375221e+01  1.190147e-04  1.009343e-09 
 4.385307e+01  1.190147e-04  1.011670e-09 
 4.395416e+01  1.190147e-04  1.014002e-09 
 4.405549e+01  1.190147e-04  1.016340e-09 
 4.415704e+01  1.190147e-04  1.018683e-09 
 4.425884e+01  1.190147e-04  1.021031e-09 
 4.436086e+01  1.190147e-04  1.023385e-09 
 4.446313e+01  1.190147e-04  1.025744e-09 
 4.456562e+01  1.190147e-04  1.028108e-09 
 4.466836e+01  1.190147e-04  1.030478e-09 
 4.477133e+01  1.190147e-04  1.032854e-09 
 4.487454e+01  1.190147e-04  1.035235e-09 
 4.497799e+01  1.190147e-04  1.037621e-09 
 4.508167e+01  1.190147e-04  1.040013e-09 
 4.518559e+01  1.190147e-04  1.042411e-09 
 4.528976e+01  1.190147e-04  1.044814e-09 
 4.539416e+01  1.190147e-04  1.047222e-09 
 4.549881e+01  1.190147e-04  1.049636e-09 
 4.560369e+01  1.190147e-04  1.052056e-09 
 4.570882e+01  1.190147e-04  1.054481e-09 
 4.581419e+01  1.190147e-04  1.056912e-09 
 4.591980e+01  1.190147e-04  1.059348e-09 
 4.602566e+01  1.190147e-04  1.061791e-09 
 4.613176e+01  1.190147e-04  1.064238e-09 
 4.623810e+01  1.190147e-04  1.066692e-09 
 4.634469e+01  1.190147e-04  1.069151e-09 
 4.645153e+01  1.190147e-04  1.071615e-09 
 4.655861e+01  1.190147e-04  1.074085e-09 
 4.666594e+01  1.190147e-04  1.076562e-09 
 4.677351e+01  1.190147e-04  1.079043e-09 
 4.688134e+01  1.190147e-04  1.081531e-09 
 4.698941e+01  1.190147e-04  1.084024e-09 
 4.709773e+01  1.190147e-04  1.086523e-09 
 4.720630e+01  1.190147e-04  1.089028e-09 
 4.731513e+01  1.190147e-04  1.091538e-09 
 4.742420e+01  1.190147e-04  1.094054e-09 
 4.753352e+01  1.190147e-04  1.096576e-09 
 4.764310e+01  1.190147e-04  1.099104e-09 
 4.775293e+01  1.190147e-04  1.101638e-09 
 4.786301e+01  1.190147e-04  1.104177e-09 
 4.797334e+01  1.190147e-04  1.106723e-09 
 4.808393e+01  1.190147e-04  1.109274e-09 
 4.819478e+01  1.190147e-04  1.111831e-09 
 4.830588e+01  1.190147e-04  1.114394e-09 
 4.841724e+01  1.190147e-04  1.116963e-09 
 4.852885e+01  1.190147e-04  1.119538e-09 
 4.864072e+01  1.190147e-04  1.122119e-09 
 4.875285e+01  1.190147e-04  1.124706e-09 
 4.886524e+01  1.190147e-04  1.127298e-09 
 4.897788e+01  1.190147e-04  1.129897e-09 
 4.909079e+01  1.190147e-04  1.132502e-09 
 4.920395e+01  1.190147e-04  1.135112e-09 
 4.931738e+01  1.190147e-04  1.137729e-09 
 4.943107e+01  1.190147e-04  1.140352e-09 
 4.954502e+01  1.190147e-04  1.142981e-09 
 4.965923e+01  1.190147e-04  1.145615e-09 
 4.977371e+01  1.190147e-04  1.148256e-09 
 4.988845e+01  1.190147e-04  1.150903e-09 
 5.000345e+01  1.190147e-04  1.153556e-09 
 5.011872e+01  1.190147e-04  1.156216e-09 
 5.023426e+01  1.190147e-04  1.158881e-09 
 5.035006e+01  1.190147e-04  1.161553e-09 
 5.046613e+01  1.190147e-04  1.164230e-09 
 5.058247e+01  1.190147e-04  1.166914e-09 
 5.069907e+01  1.190147e-04  1.169604e-09 
 5.081594e+01  1.190147e-04  1.172300e-09 
 5.093309e+01  1.190147e-04  1.175003e-09 
 5.105050e+01  1.190147e-04  1.177711e-09 
 5.116818e+01  1.190147e-04  1.180426e-09 
 5.128614e+01  1.190147e-04  1.183147e-09 
 5.140437e+01  1.190147e-04  1.185875e-09 
 5.152286e+01  1.190147e-04  1.188609e-09 
 5.164164e+01  1.190147e-04  1.191349e-09 
 5.176068e+01  1.190147e-04  1.194095e-09 
 5.188000e+01  1.190147e-04  1.196848e-09 
 5.199960e+01  1.190147e-04  1.199607e-09 
 5.211947e+01  1.190147e-04  1.202372e-09 
 5.223962e+01  1.190147e-04  1.205144e-09 
 5.236004e+01  1.190147e-04  1.207922e-09 
 5.248075e+01  1.190147e-04  1.210706e-09 
 5.260173e+01  1.190147e-04  1.213497e-09 
 5.272299e+01  1.190147e-04  1.216295e-09 
 5.284453e+01  1.190147e-04  1.219099e-09 
 5.296634e+01  1.190147e-04  1.221909e-09 
 5.308844e+01  1.190147e-04  1.224726e-09 
 5.321083e+01  1.190147e-04  1.227549e-09 
 5.333349e+01  1.190147e-04  1.230379e-09 
 5.345644e+01  1.190147e-04  1.233215e-09 
 5.357967e+01  1.190147e-04  1.236058e-09 
 5.370318e+01  1.190147e-04  1.238907e-09 
 5.382698e+01  1.190147e-04  1.241763e-09 
 5.395106e+01  1.190147e-04  1.244626e-09 
 5.407543e+01  1.190147e-04  1.247495e-09 
 5.420009e+01  1.190147e-04  1.250371e-09 
 5.432503e+01  1.190147e-04  1.253253e-09 
 5.445027e+01  1.190147e-04  1.256142e-09 
 5.457579e+01  1.190147e-04  1.259038e-09 
 5.470160e+01  1.190147e-04  1.261940e-09 
 5.482770e+01  1.190147e-04  1.264849e-09 
 5.495409e+01  1.190147e-04  1.267765e-09 
 5.508077e+01  1.190147e-04  1.270688e-09 
 5.520774e+01  1.190147e-04  1.273617e-09 
 5.533501e+01  1.190147e-04  1.276553e-09 
 5.546257e+01  1.190147e-04  1.279496e-09 
 5.559043e+01  1.190147e-04  1.282445e-09 
 5.571857e+01  1.190147e-04  1.285402e-09 
 5.584702e+01  1.190147e-04  1.288365e-09 
 5.597576e+01  1.190147e-04  1.291335e-09 
 5.610480e+01  1.190147e-04  1.294312e-09 
 5.623413e+01  1.190147e-04  1.297295e-09 
 5.636377e+01  1.190147e-04  1.300286e-09 
 5.649370e+01  1.190147e-04  1.303283e-09 
 5.662393e+01  1.190147e-04  1.306288e-09 
 5.675446e+01  1.190147e-04  1.309299e-09 
 5.688529e+01  1.190147e-04  1.312317e-09 
 5.701643e+01  1.190147e-04  1.315342e-09 
 5.714786e+01  1.190147e-04  1.318375e-09 
 5.727960e+01  1.190147e-04  1.321414e-09 
 5.741165e+01  1.190147e-04  1.324460e-09 
 5.754399e+01  1.190147e-04  1.327513e-09 
 5.767665e+01  1.190147e-04  1.330573e-09 
 5.780960e+01  1.190147e-04  1.333641e-09 
 5.794287e+01  1.190147e-04  1.336715e-09 
 5.807644e+01  1.190147e-04  1.339797e-09 
 5.821032e+01  1.190147e-04  1.342885e-09 
 5.834451e+01  1.190147e-04  1.345981e-09 
 5.847901e+01  1.190147e-04  1.349084e-09 
 5.861382e+01  1.190147e-04  1.352194e-09 
 5.874894e+01  1.190147e-04  1.355311e-09 
 5.888437e+01  1.190147e-04  1.358435e-09 
 5.902011e+01  1.190147e-04  1.361566e-09 
 5.915616e+01  1.190147e-04  1.364705e-09 
 5.929253e+01  1.190147e-04  1.367851e-09 
 5.942922e+01  1.190147e-04  1.371004e-09 
 5.956621e+01  1.190147e-04  1.374165e-09 
 5.970353e+01  1.190147e-04  1.377333e-09 
 5.984116e+01  1.190147e-04  1.380508e-09 
 5.997911e+01  1.190147e-04  1.383690e-09 
 6.011737e+01  1.190147e-04  1.386880e-09 
 6.025596e+01  1.190147e-04  1.390077e-09 
 6.039486e+01  1.190147e-04  1.393281e-09 
 6.053409e+01  1.190147e-04  1.396493e-09 
 6.067363e+01  1.190147e-04  1.399713e-09 
 6.081350e+01  1.190147e-04  1.402939e-09 
 6.095369e+01  1.190147e-04  1.406173e-09 
 6.109420e+01  1.190147e-04  1.409415e-09 
 6.123504e+01  1.190147e-04  1.412664e-09 
 6.137620e+01  1.190147e-04  1.415920e-09 
 6.151769e+01  1.190147e-04  1.419184e-09 
 6.165950e+01  1.190147e-04  1.422456e-09 
 6.180164e+01  1.190147e-04  1.425735e-09 
 6.194411e+01  1.190147e-04  1.429022e-09 
 6.208690e+01  1.190147e-04  1.432316e-09 
 6.223003e+01  1.190147e-04  1.435618e-09 
 6.237348e+01  1.190147e-04  1.438927e-09 
 6.251727e+01  1.190147e-04  1.442244e-09 
 6.266139e+01  1.190147e-04  1.445569e-09 
 6.280584e+01  1.190147e-04  1.448901e-09 
 6.295062e+01  1.190147e-04  1.452242e-09 
 6.309573e+01  1.190147e-04  1.455589e-09 
 6.324119e+01  1.190147e-04  1.458945e-09 
 6.338697e+01  1.190147e-04  1.462308e-09 
 6.353309e+01  1.190147e-04  1.465679e-09 
 6.367955e+01  1.190147e-04  1.469058e-09 
 6.382635e+01  1.190147e-04  1.472444e-09 
 6.397348e+01  1.190147e-04  1.475839e-09 
 6.412096e+01  1.190147e-04  1.479241e-09 
 6.426877e+01  1.190147e-04  1.482651e-09 
 6.441693e+01  1.190147e-04  1.486069e-09 
 6.456542e+01  1.190147e-04  1.489494e-09 
 6.471426e+01  1.190147e-04  1.492928e-09 
 6.486344e+01  1.190147e-04  1.496370e-09 
 6.501297e+01  1.190147e-04  1.499819e-09 
 6.516284e+01  1.190147e-04  1.503276e-09 
 6.531306e+01  1.190147e-04  1.506742e-09 
 6.546362e+01  1.190147e-04  1.510215e-09 
 6.561453e+01  1.190147e-04  1.513697e-09 
 6.576578e+01  1.190147e-04  1.517186e-09 
 6.591739e+01  1.190147e-04  1.520684e-09 
 6.606934e+01  1.190147e-04  1.524189e-09 
 6.622165e+01  1.190147e-04  1.527703e-09 
 6.637431e+01  1.190147e-04  1.531224e-09 
 6.652732e+01  1.190147e-04  1.534754e-09 
 6.668068e+01  1.190147e-04  1.538292e-09 
 6.683439e+01  1.190147e-04  1.541838e-09 
 6.698846e+01  1.190147e-04  1.545393e-09 
 6.714289e+01  1.190147e-04  1.548955e-09 
 6.729767e+01  1.190147e-04  1.552526e-09 
 6.745280e+01  1.190147e-04  1.556105e-09 
 6.760830e+01  1.190147e-04  1.559692e-09 
 6.776415e+01  1.190147e-04  1.563287e-09 
 6.792036e+01  1.190147e-04  1.566891e-09 
 6.807694e+01  1.190147e-04  1.570503e-09 
 6.823387e+01  1.190147e-04  1.574124e-09 
 6.839116e+01  1.190147e-04  1.577752e-09 
 6.854882e+01  1.190147e-04  1.581389e-09 
 6.870684e+01  1.190147e-04  1.585035e-09 
 6.886523e+01  1.190147e-04  1.588689e-09 
 6.902398e+01  1.190147e-04  1.592351e-09 
 6.918310e+01  1.190147e-04  1.596022e-09 
 6.934258e+01  1.190147e-04  1.599701e-09 
 6.950243e+01  1.190147e-04  1.603389e-09 
 6.966265e+01  1.190147e-04  1.607085e-09 
 6.982324e+01  1.190147e-04  1.610790e-09 
 6.998420e+01  1.190147e-04  1.614503e-09 
 7.014553e+01  1.190147e-04  1.618225e-09 
 7.030723e+01  1.190147e-04  1.621955e-09 
 7.046931e+01  1.190147e-04  1.625694e-09 
 7.063176e+01  1.190147e-04  1.629442e-09 
 7.079458e+01  1.190147e-04  1.633198e-09 
 7.095778e+01  1.190147e-04  1.636963e-09 
 7.112135e+01  1.190147e-04  1.640737e-09 
 7.128530e+01  1.190147e-04  1.644519e-09 
 7.144963e+01  1.190147e-04  1.648310e-09 
 7.161434e+01  1.190147e-04  1.652110e-09 
 7.177943e+01  1.190147e-04  1.655918e-09 
 7.194490e+01  1.190147e-04  1.659735e-09 
 7.211075e+01  1.190147e-04  1.663561e-09 
 7.227698e+01  1.190147e-04  1.667396e-09 
 7.244360e+01  1.190147e-04  1.671240e-09 
 7.261060e+01  1.190147e-04  1.675093e-09 
 7.277798e+01  1.190147e-04  1.678954e-09 
 7.294575e+01  1.190147e-04  1.682825e-09 
 7.311391e+01  1.190147e-04  1.686704e-09 
 7.328245e+01  1.190147e-04  1.690592e-09 
 7.345139e+01  1.190147e-04  1.694489e-09 
 7.362071e+01  1.190147e-04  1.698396e-09 
 7.379042e+01  1.190147e-04  1.702311e-09 
 7.396053e+01  1.190147e-04  1.706235e-09 
 7.413102e+01  1.190147e-04  1.710168e-09 
 7.430191e+01  1.190147e-04  1.714111e-09 
 7.447320e+01  1.190147e-04  1.718062e-09 
 7.464488e+01  1.190147e-04  1.722023e-09 
 7.481695e+01  1.190147e-04  1.725992e-09 
 7.498942e+01  1.190147e-04  1.729971e-09 
 7.516229e+01  1.190147e-04  1.733959e-09 
 7.533556e+01  1.190147e-04  1.737956e-09 
 7.550922e+01  1.190147e-04  1.741963e-09 
 7.568329e+01  1.190147e-04  1.745978e-09 
 7.585776e+01  1.190147e-04  1.750003e-09 
 7.603263e+01  1.190147e-04  1.754037e-09 
 7.620790e+01  1.190147e-04  1.758081e-09 
 7.638358e+01  1.190147e-04  1.762134e-09 
 7.655966e+01  1.190147e-04  1.766196e-09 
 7.673615e+01  1.190147e-04  1.770267e-09 
 7.691304e+01  1.190147e-04  1.774348e-09 
 7.709035e+01  1.190147e-04  1.778438e-09 
 7.726806e+01  1.190147e-04  1.782538e-09 
 7.744618e+01  1.190147e-04  1.786647e-09 
 7.762471e+01  1.190147e-04  1.790766e-09 
 7.780366e+01  1.190147e-04  1.794894e-09 
 7.798301e+01  1.190147e-04  1.799032e-09 
 7.816278e+01  1.190147e-04  1.803179e-09 
 7.834296e+01  1.190147e-04  1.807336e-09 
 7.852356e+01  1.190147e-04  1.811502e-09 
 7.870458e+01  1.190147e-04  1.815678e-09 
 7.888601e+01  1.190147e-04  1.819864e-09 
 7.906786e+01  1.190147e-04  1.824059e-09 
 7.925013e+01  1.190147e-04  1.828264e-09 
 7.943282e+01  1.190147e-04  1.832478e-09 
 7.961594e+01  1.190147e-04  1.836703e-09 
 7.979947e+01  1.190147e-04  1.840937e-09 
 7.998343e+01  1.190147e-04  1.845180e-09 
 8.016781e+01  1.190147e-04  1.849434e-09 
 8.035261e+01  1.190147e-04  1.853697e-09 
 8.053784e+01  1.190147e-04  1.857971e-09 
 8.072350e+01  1.190147e-04  1.862254e-09 
 8.090959e+01  1.190147e-04  1.866547e-09 
 8.109611e+01  1.190147e-04  1.870849e-09 
 8.128305e+01  1.190147e-04  1.875162e-09 
 8.147043e+01  1.190147e-04  1.879485e-09 
 8.165824e+01  1.190147e-04  1.883818e-09 
 8.184648e+01  1.190147e-04  1.888160e-09 
 8.203515e+01  1.190147e-04  1.892513e-09 
 8.222426e+01  1.190147e-04  1.896876e-09 
 8.241381e+01  1.190147e-04  1.901248e-09 
 8.260379e+01  1.190147e-04  1.905631e-09 
 8.279422e+01  1.190147e-04  1.910024e-09 
 8.298508e+01  1.190147e-04  1.914427e-09 
 8.317638e+01  1.190147e-04  1.918840e-09 
 8.336812e+01  1.190147e-04  1.923264e-09 
 8.356030e+01  1.190147e-04  1.927697e-09 
 8.375293e+01  1.190147e-04  1.932141e-09 
 8.394600e+01  1.190147e-04  1.936595e-09 
 8.413951e+01  1.190147e-04  1.941060e-09 
 8.433348e+01  1.190147e-04  1.945534e-09 
 8.452788e+01  1.190147e-04  1.950019e-09 
 8.472274e+01  1.190147e-04  1.954514e-09 
 8.491805e+01  1.190147e-04  1.959020e-09 
 8.511380e+01  1.190147e-04  1.963536e-09 
 8.531001e+01  1.190147e-04  1.968062e-09 
 8.550667e+01  1.190147e-04  1.972599e-09 
 8.570378e+01  1.190147e-04  1.977146e-09 
 8.590135e+01  1.190147e-04  1.981704e-09 
 8.609938e+01  1.190147e-04  1.986273e-09 
 8.629785e+01  1.190147e-04  1.990851e-09 
 8.649679e+01  1.190147e-04  1.995441e-09 
 8.669619e+01  1.190147e-04  2.000041e-09 
 8.689604e+01  1.190147e-04  2.004651e-09 
 8.709636e+01  1.190147e-04  2.009273e-09 
 8.729714e+01  1.190147e-04  2.013904e-09 
 8.749838e+01  1.190147e-04  2.018547e-09 
 8.770008e+01  1.190147e-04  2.023200e-09 
 8.790225e+01  1.190147e-04  2.027864e-09 
 8.810489e+01  1.190147e-04  2.032539e-09 
 8.830799e+01  1.190147e-04  2.037224e-09 
 8.851156e+01  1.190147e-04  2.041921e-09 
 8.871560e+01  1.190147e-04  2.046628e-09 
 8.892011e+01  1.190147e-04  2.051346e-09 
 8.912509e+01  1.190147e-04  2.056075e-09 
 8.933055e+01  1.190147e-04  2.060814e-09 
 8.953648e+01  1.190147e-04  2.065565e-09 
 8.974288e+01  1.190147e-04  2.070327e-09 
 8.994976e+01  1.190147e-04  2.075099e-09 
 9.015711e+01  1.190147e-04  2.079883e-09 
 9.036495e+01  1.190147e-04  2.084677e-09 
 9.057326e+01  1.190147e-04  2.089483e-09 
 9.078205e+01  1.190147e-04  2.094300e-09 
 9.099133e+01  1.190147e-04  2.099128e-09 
 9.120108e+01  1.190147e-04  2.103967e-09 
 9.141132e+01  1.190147e-04  2.108817e-09 
 9.162205e+01  1.190147e-04  2.113678e-09 
 9.183326e+01  1.190147e-04  2.118551e-09 
 9.204496e+01  1.190147e-04  2.123434e-09 
 9.225714e+01  1.190147e-04  2.128329e-09 
 9.246982e+01  1.190147e-04  2.133236e-09 
 9.268298e+01  1.190147e-04  2.138153e-09 
 9.289664e+01  1.190147e-04  2.143082e-09 
 9.311079e+01  1.190147e-04  2.148023e-09 
 9.332543e+01  1.190147e-04  2.152974e-09 
 9.354057e+01  1.190147e-04  2.157937e-09 
 9.375620e+01  1.190147e-04  2.162912e-09 
 9.397233e+01  1.190147e-04  2.167898e-09 
 9.418896e+01  1.190147e-04  2.172896e-09 
 9.440609e+01  1.190147e-04  2.177905e-09 
 9.462372e+01  1.190147e-04  2.182925e-09 
 9.484185e+01  1.190147e-04  2.187957e-09 
 9.506048e+01  1.190147e-04  2.193001e-09 
 9.527962e+01  1.190147e-04  2.198056e-09 
 9.549926e+01  1.190147e-04  2.203124e-09 
 9.571941e+01  1.190147e-04  2.208202e-09 
 9.594006e+01  1.190147e-04  2.213293e-09 
 9.616123e+01  1.190147e-04  2.218395e-09 
 9.638290e+01  1.190147e-04  2.223509e-09 
 9.660509e+01  1.190147e-04  2.228635e-09 
 9.682779e+01  1.190147e-04  2.233772e-09 
 9.705100e+01  1.190147e-04  2.238921e-09 
 9.727472e+01  1.190147e-04  2.244083e-09 
 9.749896e+01  1.190147e-04  2.249256e-09 
 9.772372e+01  1.190147e-04  2.254441e-09 
 9.794900e+01  1.190147e-04  2.259638e-09 
 9.817479e+01  1.190147e-04  2.264847e-09 
 9.840111e+01  1.190147e-04  2.270068e-09 
 9.862795e+01  1.190147e-04  2.275301e-09 
 9.885531e+01  1.190147e-04  2.280546e-09 
 9.908319e+01  1.190147e-04  2.285803e-09 
 9.931160e+01  1.190147e-04  2.291073e-09 
 9.954054e+01  1.190147e-04  2.296354e-09 
 9.977001e+01  1.190147e-04  2.301648e-09 
 1.000000e+02  1.190147e-04  2.306954e-09 
