 1.00000000e+00  6.86563068e+01  1.00000000e+00 -7.58508688e-04 
 1.02329299e+00  6.86563067e+01  1.02329299e+00 -4.44716444e-02 
 1.04712855e+00  6.86563066e+01  1.04712855e+00 -4.55075216e-02 
 1.07151931e+00  6.86563065e+01  1.07151931e+00 -4.65675275e-02 
 1.09647820e+00  6.86563063e+01  1.09647820e+00 -4.76522241e-02 
 1.12201845e+00  6.86563062e+01  1.12201845e+00 -4.87621864e-02 
 1.14815362e+00  6.86563060e+01  1.14815362e+00 -4.98980031e-02 
 1.17489755e+00  6.86563059e+01  1.17489755e+00 -5.10602763e-02 
 1.20226443e+00  6.86563057e+01  1.20226443e+00 -5.22496222e-02 
 1.23026877e+00  6.86563055e+01  1.23026877e+00 -5.34666716e-02 
 1.25892541e+00  6.86563054e+01  1.25892541e+00 -5.47120696e-02 
 1.28824955e+00  6.86563052e+01  1.28824955e+00 -5.59864766e-02 
 1.31825674e+00  6.86563050e+01  1.31825674e+00 -5.72905683e-02 
 1.34896288e+00  6.86563048e+01  1.34896288e+00 -5.86250362e-02 
 1.38038426e+00  6.86563046e+01  1.38038426e+00 -5.99905877e-02 
 1.41253754e+00  6.86563043e+01  1.41253754e+00 -6.13879469e-02 
 1.44543977e+00  6.86563041e+01  1.44543977e+00 -6.28178548e-02 
 1.47910839e+00  6.86563039e+01  1.47910839e+00 -6.42810694e-02 
 1.51356125e+00  6.86563036e+01  1.51356125e+00 -6.57783665e-02 
 1.54881662e+00  6.86563033e+01  1.54881662e+00 -6.73105401e-02 
 1.58489319e+00  6.86563031e+01  1.58489319e+00 -6.88784025e-02 
 1.62181010e+00  6.86563028e+01  1.62181010e+00 -7.04827850e-02 
 1.65958691e+00  6.86563024e+01  1.65958691e+00 -7.21245383e-02 
 1.69824365e+00  6.86563021e+01  1.69824365e+00 -7.38045328e-02 
 1.73780083e+00  6.86563018e+01  1.73780083e+00 -7.55236592e-02 
 1.77827941e+00  6.86563014e+01  1.77827941e+00 -7.72828291e-02 
 1.81970086e+00  6.86563011e+01  1.81970086e+00 -7.90829752e-02 
 1.86208714e+00  6.86563007e+01  1.86208714e+00 -8.09250519e-02 
 1.90546072e+00  6.86563003e+01  1.90546072e+00 -8.28100359e-02 
 1.94984460e+00  6.86562998e+01  1.94984460e+00 -8.47389267e-02 
 1.99526231e+00  6.86562994e+01  1.99526231e+00 -8.67127468e-02 
 2.04173794e+00  6.86562989e+01  2.04173794e+00 -8.87325430e-02 
 2.08929613e+00  6.86562984e+01  2.08929613e+00 -9.07993860e-02 
 2.13796209e+00  6.86562979e+01  2.13796209e+00 -9.29143717e-02 
 2.18776162e+00  6.86562974e+01  2.18776162e+00 -9.50786216e-02 
 2.23872114e+00  6.86562968e+01  2.23872114e+00 -9.72932830e-02 
 2.29086765e+00  6.86562962e+01  2.29086765e+00 -9.95595301e-02 
 2.34422882e+00  6.86562956e+01  2.34422882e+00 -1.01878565e-01 
 2.39883292e+00  6.86562950e+01  2.39883292e+00 -1.04251616e-01 
 2.45470892e+00  6.86562943e+01  2.45470892e+00 -1.06679943e-01 
 2.51188643e+00  6.86562936e+01  2.51188643e+00 -1.09164832e-01 
 2.57039578e+00  6.86562928e+01  2.57039578e+00 -1.11707601e-01 
 2.63026799e+00  6.86562920e+01  2.63026799e+00 -1.14309598e-01 
 2.69153480e+00  6.86562912e+01  2.69153480e+00 -1.16972204e-01 
 2.75422870e+00  6.86562904e+01  2.75422870e+00 -1.19696829e-01 
 2.81838293e+00  6.86562895e+01  2.81838293e+00 -1.22484917e-01 
 2.88403150e+00  6.86562886e+01  2.88403150e+00 -1.25337949e-01 
 2.95120923e+00  6.86562876e+01  2.95120923e+00 -1.28257435e-01 
 3.01995172e+00  6.86562866e+01  3.01995172e+00 -1.31244924e-01 
 3.09029543e+00  6.86562855e+01  3.09029543e+00 -1.34302000e-01 
 3.16227766e+00  6.86562844e+01  3.16227766e+00 -1.37430284e-01 
 3.23593657e+00  6.86562832e+01  3.23593657e+00 -1.40631433e-01 
 3.31131121e+00  6.86562819e+01  3.31131121e+00 -1.43907147e-01 
 3.38844156e+00  6.86562807e+01  3.38844156e+00 -1.47259160e-01 
 3.46736850e+00  6.86562793e+01  3.46736850e+00 -1.50689251e-01 
 3.54813389e+00  6.86562779e+01  3.54813389e+00 -1.54199238e-01 
 3.63078055e+00  6.86562764e+01  3.63078055e+00 -1.57790982e-01 
 3.71535229e+00  6.86562749e+01  3.71535229e+00 -1.61466387e-01 
 3.80189396e+00  6.86562732e+01  3.80189396e+00 -1.65227401e-01 
 3.89045145e+00  6.86562715e+01  3.89045145e+00 -1.69076020e-01 
 3.98107171e+00  6.86562697e+01  3.98107171e+00 -1.73014282e-01 
 4.07380278e+00  6.86562679e+01  4.07380278e+00 -1.77044277e-01 
 4.16869383e+00  6.86562659e+01  4.16869383e+00 -1.81168141e-01 
 4.26579519e+00  6.86562639e+01  4.26579519e+00 -1.85388060e-01 
 4.36515832e+00  6.86562617e+01  4.36515832e+00 -1.89706272e-01 
 4.46683592e+00  6.86562595e+01  4.46683592e+00 -1.94125065e-01 
 4.57088190e+00  6.86562571e+01  4.57088190e+00 -1.98646783e-01 
 4.67735141e+00  6.86562547e+01  4.67735141e+00 -2.03273823e-01 
 4.78630092e+00  6.86562521e+01  4.78630092e+00 -2.08008637e-01 
 4.89778819e+00  6.86562494e+01  4.89778819e+00 -2.12853737e-01 
 5.01187234e+00  6.86562466e+01  5.01187234e+00 -2.17811690e-01 
 5.12861384e+00  6.86562436e+01  5.12861384e+00 -2.22885125e-01 
 5.24807460e+00  6.86562405e+01  5.24807460e+00 -2.28076733e-01 
 5.37031796e+00  6.86562373e+01  5.37031796e+00 -2.33389264e-01 
 5.49540874e+00  6.86562339e+01  5.49540874e+00 -2.38825536e-01 
 5.62341325e+00  6.86562303e+01  5.62341325e+00 -2.44388431e-01 
 5.75439937e+00  6.86562266e+01  5.75439937e+00 -2.50080897e-01 
 5.88843655e+00  6.86562227e+01  5.88843655e+00 -2.55905953e-01 
 6.02559586e+00  6.86562186e+01  6.02559586e+00 -2.61866687e-01 
 6.16595002e+00  6.86562144e+01  6.16595002e+00 -2.67966257e-01 
 6.30957344e+00  6.86562099e+01  6.30957344e+00 -2.74207899e-01 
 6.45654229e+00  6.86562052e+01  6.45654229e+00 -2.80594921e-01 
 6.60693448e+00  6.86562003e+01  6.60693448e+00 -2.87130708e-01 
 6.76082975e+00  6.86561952e+01  6.76082975e+00 -2.93818726e-01 
 6.91830971e+00  6.86561898e+01  6.91830971e+00 -3.00662519e-01 
 7.07945784e+00  6.86561842e+01  7.07945784e+00 -3.07665715e-01 
 7.24435960e+00  6.86561783e+01  7.24435960e+00 -3.14832028e-01 
 7.41310241e+00  6.86561721e+01  7.41310241e+00 -3.22165255e-01 
 7.58577575e+00  6.86561656e+01  7.58577575e+00 -3.29669285e-01 
 7.76247117e+00  6.86561588e+01  7.76247117e+00 -3.37348093e-01 
 7.94328235e+00  6.86561517e+01  7.94328235e+00 -3.45205752e-01 
 8.12830516e+00  6.86561443e+01  8.12830516e+00 -3.53246426e-01 
 8.31763771e+00  6.86561365e+01  8.31763771e+00 -3.61474376e-01 
 8.51138038e+00  6.86561284e+01  8.51138038e+00 -3.69893965e-01 
 8.70963590e+00  6.86561199e+01  8.70963590e+00 -3.78509654e-01 
 8.91250938e+00  6.86561109e+01  8.91250938e+00 -3.87326012e-01 
 9.12010839e+00  6.86561016e+01  9.12010839e+00 -3.96347709e-01 
 9.33254301e+00  6.86560918e+01  9.33254301e+00 -4.05579528e-01 
 9.54992586e+00  6.86560816e+01  9.54992586e+00 -4.15026363e-01 
 9.77237221e+00  6.86560708e+01  9.77237221e+00 -4.24693219e-01 
 1.00000000e+01  6.86560596e+01  1.00000000e+01 -4.34585220e-01 
 1.02329299e+01  6.86560478e+01  1.02329299e+01 -4.44707608e-01 
 1.04712855e+01  6.86560355e+01  1.04712855e+01 -4.55065749e-01 
 1.07151931e+01  6.86560226e+01  1.07151931e+01 -4.65665131e-01 
 1.09647820e+01  6.86560091e+01  1.09647820e+01 -4.76511371e-01 
 1.12201845e+01  6.86559949e+01  1.12201845e+01 -4.87610217e-01 
 1.14815362e+01  6.86559801e+01  1.14815362e+01 -4.98967551e-01 
 1.17489755e+01  6.86559646e+01  1.17489755e+01 -5.10589390e-01 
 1.20226443e+01  6.86559483e+01  1.20226443e+01 -5.22481893e-01 
 1.23026877e+01  6.86559313e+01  1.23026877e+01 -5.34651362e-01 
 1.25892541e+01  6.86559135e+01  1.25892541e+01 -5.47104244e-01 
 1.28824955e+01  6.86558949e+01  1.28824955e+01 -5.59847138e-01 
 1.31825674e+01  6.86558753e+01  1.31825674e+01 -5.72886794e-01 
 1.34896288e+01  6.86558549e+01  1.34896288e+01 -5.86230122e-01 
 1.38038426e+01  6.86558335e+01  1.38038426e+01 -5.99884190e-01 
 1.41253754e+01  6.86558110e+01  1.41253754e+01 -6.13856231e-01 
 1.44543977e+01  6.86557875e+01  1.44543977e+01 -6.28153648e-01 
 1.47910839e+01  6.86557630e+01  1.47910839e+01 -6.42784013e-01 
 1.51356125e+01  6.86557372e+01  1.51356125e+01 -6.57755076e-01 
 1.54881662e+01  6.86557102e+01  1.54881662e+01 -6.73074768e-01 
 1.58489319e+01  6.86556820e+01  1.58489319e+01 -6.88751201e-01 
 1.62181010e+01  6.86556525e+01  1.62181010e+01 -7.04792678e-01 
 1.65958691e+01  6.86556215e+01  1.65958691e+01 -7.21207696e-01 
 1.69824365e+01  6.86555891e+01  1.69824365e+01 -7.38004945e-01 
 1.73780083e+01  6.86555551e+01  1.73780083e+01 -7.55193322e-01 
 1.77827941e+01  6.86555196e+01  1.77827941e+01 -7.72781926e-01 
 1.81970086e+01  6.86554824e+01  1.81970086e+01 -7.90780071e-01 
 1.86208714e+01  6.86554434e+01  1.86208714e+01 -8.09197286e-01 
 1.90546072e+01  6.86554026e+01  1.90546072e+01 -8.28043319e-01 
 1.94984460e+01  6.86553599e+01  1.94984460e+01 -8.47328147e-01 
 1.99526231e+01  6.86553151e+01  1.99526231e+01 -8.67061978e-01 
 2.04173794e+01  6.86552683e+01  2.04173794e+01 -8.87255257e-01 
 2.08929613e+01  6.86552192e+01  2.08929613e+01 -9.07918669e-01 
 2.13796209e+01  6.86551679e+01  2.13796209e+01 -9.29063149e-01 
 2.18776162e+01  6.86551141e+01  2.18776162e+01 -9.50699886e-01 
 2.23872114e+01  6.86550578e+01  2.23872114e+01 -9.72840326e-01 
 2.29086765e+01  6.86549988e+01  2.29086765e+01 -9.95496183e-01 
 2.34422882e+01  6.86549370e+01  2.34422882e+01 -1.01867944e+00 
 2.39883292e+01  6.86548724e+01  2.39883292e+01 -1.04240236e+00 
 2.45470892e+01  6.86548047e+01  2.45470892e+01 -1.06667749e+00 
 2.51188643e+01  6.86547338e+01  2.51188643e+01 -1.09151766e+00 
 2.57039578e+01  6.86546595e+01  2.57039578e+01 -1.11693601e+00 
 2.63026799e+01  6.86545818e+01  2.63026799e+01 -1.14294597e+00 
 2.69153480e+01  6.86545004e+01  2.69153480e+01 -1.16956130e+00 
 2.75422870e+01  6.86544151e+01  2.75422870e+01 -1.19679605e+00 
 2.81838293e+01  6.86543259e+01  2.81838293e+01 -1.22466462e+00 
 2.88403150e+01  6.86542324e+01  2.88403150e+01 -1.25318174e+00 
 2.95120923e+01  6.86541346e+01  2.95120923e+01 -1.28236246e+00 
 3.01995172e+01  6.86540321e+01  3.01995172e+01 -1.31222220e+00 
 3.09029543e+01  6.86539248e+01  3.09029543e+01 -1.34277673e+00 
 3.16227766e+01  6.86538125e+01  3.16227766e+01 -1.37404217e+00 
 3.23593657e+01  6.86536948e+01  3.23593657e+01 -1.40603503e+00 
 3.31131121e+01  6.86535717e+01  3.31131121e+01 -1.43877219e+00 
 3.38844156e+01  6.86534427e+01  3.38844156e+01 -1.47227093e+00 
 3.46736850e+01  6.86533076e+01  3.46736850e+01 -1.50654891e+00 
 3.54813389e+01  6.86531662e+01  3.54813389e+01 -1.54162421e+00 
 3.63078055e+01  6.86530181e+01  3.63078055e+01 -1.57751533e+00 
 3.71535229e+01  6.86528631e+01  3.71535229e+01 -1.61424117e+00 
 3.80189396e+01  6.86527008e+01  3.80189396e+01 -1.65182110e+00 
 3.89045145e+01  6.86525308e+01  3.89045145e+01 -1.69027490e+00 
 3.98107171e+01  6.86523528e+01  3.98107171e+01 -1.72962283e+00 
 4.07380278e+01  6.86521664e+01  4.07380278e+01 -1.76988561e+00 
 4.16869383e+01  6.86519712e+01  4.16869383e+01 -1.81108442e+00 
 4.26579519e+01  6.86517669e+01  4.26579519e+01 -1.85324093e+00 
 4.36515832e+01  6.86515529e+01  4.36515832e+01 -1.89637731e+00 
 4.46683592e+01  6.86513289e+01  4.46683592e+01 -1.94051625e+00 
 4.57088190e+01  6.86510943e+01  4.57088190e+01 -1.98568093e+00 
 4.67735141e+01  6.86508487e+01  4.67735141e+01 -2.03189508e+00 
 4.78630092e+01  6.86505915e+01  4.78630092e+01 -2.07918295e+00 
 4.89778819e+01  6.86503222e+01  4.89778819e+01 -2.12756937e+00 
 5.01187234e+01  6.86500403e+01  5.01187234e+01 -2.17707972e+00 
 5.12861384e+01  6.86497450e+01  5.12861384e+01 -2.22773994e+00 
 5.24807460e+01  6.86494359e+01  5.24807460e+01 -2.27957658e+00 
 5.37031796e+01  6.86491122e+01  5.37031796e+01 -2.33261679e+00 
 5.49540874e+01  6.86487734e+01  5.49540874e+01 -2.38688833e+00 
 5.62341325e+01  6.86484185e+01  5.62341325e+01 -2.44241958e+00 
 5.75439937e+01  6.86480470e+01  5.75439937e+01 -2.49923957e+00 
 5.88843655e+01  6.86476580e+01  5.88843655e+01 -2.55737798e+00 
 6.02559586e+01  6.86472507e+01  6.02559586e+01 -2.61686515e+00 
 6.16595002e+01  6.86468242e+01  6.16595002e+01 -2.67773212e+00 
 6.30957344e+01  6.86463777e+01  6.30957344e+01 -2.74001060e+00 
 6.45654229e+01  6.86459102e+01  6.45654229e+01 -2.80373303e+00 
 6.60693448e+01  6.86454207e+01  6.60693448e+01 -2.86893257e+00 
 6.76082975e+01  6.86449082e+01  6.76082975e+01 -2.93564310e+00 
 6.91830971e+01  6.86443717e+01  6.91830971e+01 -3.00389928e+00 
 7.07945784e+01  6.86438099e+01  7.07945784e+01 -3.07373652e+00 
 7.24435960e+01  6.86432217e+01  7.24435960e+01 -3.14519102e+00 
 7.41310241e+01  6.86426058e+01  7.41310241e+01 -3.21829978e+00 
 7.58577575e+01  6.86419611e+01  7.58577575e+01 -3.29310061e+00 
 7.76247117e+01  6.86412860e+01  7.76247117e+01 -3.36963214e+00 
 7.94328235e+01  6.86405793e+01  7.94328235e+01 -3.44793388e+00 
 8.12830516e+01  6.86398394e+01  8.12830516e+01 -3.52804615e+00 
 8.31763771e+01  6.86390647e+01  8.31763771e+01 -3.61001019e+00 
 8.51138038e+01  6.86382537e+01  8.51138038e+01 -3.69386810e+00 
 8.70963590e+01  6.86374046e+01  8.70963590e+01 -3.77966293e+00 
 8.91250938e+01  6.86365157e+01  8.91250938e+01 -3.86743862e+00 
 9.12010839e+01  6.86355850e+01  9.12010839e+01 -3.95724005e+00 
 9.33254301e+01  6.86346108e+01  9.33254301e+01 -4.04911309e+00 
 9.54992586e+01  6.86335908e+01  9.54992586e+01 -4.14310455e+00 
 9.77237221e+01  6.86325230e+01  9.77237221e+01 -4.23926224e+00 
 1.00000000e+02  6.86314052e+01  1.00000000e+02 -4.33763498e+00 
 1.02329299e+02  6.86302351e+01  1.02329299e+02 -4.43827262e+00 
 1.04712855e+02  6.86290101e+01  1.04712855e+02 -4.54122602e+00 
 1.07151931e+02  6.86277277e+01  1.07151931e+02 -4.64654711e+00 
 1.09647820e+02  6.86263853e+01  1.09647820e+02 -4.75428890e+00 
 1.12201845e+02  6.86249801e+01  1.12201845e+02 -4.86450546e+00 
 1.14815362e+02  6.86235092e+01  1.14815362e+02 -4.97725196e+00 
 1.17489755e+02  6.86219695e+01  1.17489755e+02 -5.09258469e+00 
 1.20226443e+02  6.86203578e+01  1.20226443e+02 -5.21056107e+00 
 1.23026877e+02  6.86186708e+01  1.23026877e+02 -5.33123965e+00 
 1.25892541e+02  6.86169049e+01  1.25892541e+02 -5.45468012e+00 
 1.28824955e+02  6.86150566e+01  1.28824955e+02 -5.58094336e+00 
 1.31825674e+02  6.86131221e+01  1.31825674e+02 -5.71009141e+00 
 1.34896288e+02  6.86110973e+01  1.34896288e+02 -5.84218750e+00 
 1.38038426e+02  6.86089781e+01  1.38038426e+02 -5.97729604e+00 
 1.41253754e+02  6.86067601e+01  1.41253754e+02 -6.11548267e+00 
 1.44543977e+02  6.86044388e+01  1.44543977e+02 -6.25681422e+00 
 1.47910839e+02  6.86020095e+01  1.47910839e+02 -6.40135875e+00 
 1.51356125e+02  6.85994671e+01  1.51356125e+02 -6.54918554e+00 
 1.54881662e+02  6.85968065e+01  1.54881662e+02 -6.70036511e+00 
 1.58489319e+02  6.85940222e+01  1.58489319e+02 -6.85496918e+00 
 1.62181010e+02  6.85911086e+01  1.62181010e+02 -7.01307072e+00 
 1.65958691e+02  6.85880598e+01  1.65958691e+02 -7.17474394e+00 
 1.69824365e+02  6.85848696e+01  1.69824365e+02 -7.34006426e+00 
 1.73780083e+02  6.85815316e+01  1.73780083e+02 -7.50910832e+00 
 1.77827941e+02  6.85780390e+01  1.77827941e+02 -7.68195399e+00 
 1.81970086e+02  6.85743848e+01  1.81970086e+02 -7.85868032e+00 
 1.86208714e+02  6.85705617e+01  1.86208714e+02 -8.03936758e+00 
 1.90546072e+02  6.85665620e+01  1.90546072e+02 -8.22409718e+00 
 1.94984460e+02  6.85623778e+01  1.94984460e+02 -8.41295172e+00 
 1.99526231e+02  6.85580007e+01  1.99526231e+02 -8.60601491e+00 
 2.04173794e+02  6.85534220e+01  2.04173794e+02 -8.80337159e+00 
 2.08929613e+02  6.85486327e+01  2.08929613e+02 -9.00510767e+00 
 2.13796209e+02  6.85436233e+01  2.13796209e+02 -9.21131011e+00 
 2.18776162e+02  6.85383841e+01  2.18776162e+02 -9.42206687e+00 
 2.23872114e+02  6.85329047e+01  2.23872114e+02 -9.63746689e+00 
 2.29086765e+02  6.85271744e+01  2.29086765e+02 -9.85760004e+00 
 2.34422882e+02  6.85211822e+01  2.34422882e+02 -1.00825570e+01 
 2.39883292e+02  6.85149164e+01  2.39883292e+02 -1.03124294e+01 
 2.45470892e+02  6.85083650e+01  2.45470892e+02 -1.05473094e+01 
 2.51188643e+02  6.85015155e+01  2.51188643e+02 -1.07872901e+01 
 2.57039578e+02  6.84943546e+01  2.57039578e+02 -1.10324650e+01 
 2.63026799e+02  6.84868690e+01  2.63026799e+02 -1.12829282e+01 
 2.69153480e+02  6.84790443e+01  2.69153480e+02 -1.15387741e+01 
 2.75422870e+02  6.84708660e+01  2.75422870e+02 -1.18000978e+01 
 2.81838293e+02  6.84623187e+01  2.81838293e+02 -1.20669941e+01 
 2.88403150e+02  6.84533866e+01  2.88403150e+02 -1.23395584e+01 
 2.95120923e+02  6.84440531e+01  2.95120923e+02 -1.26178858e+01 
 3.01995172e+02  6.84343013e+01  3.01995172e+02 -1.29020713e+01 
 3.09029543e+02  6.84241132e+01  3.09029543e+02 -1.31922098e+01 
 3.16227766e+02  6.84134706e+01  3.16227766e+02 -1.34883955e+01 
 3.23593657e+02  6.84023543e+01  3.23593657e+02 -1.37907221e+01 
 3.31131121e+02  6.83907445e+01  3.31131121e+02 -1.40992827e+01 
 3.38844156e+02  6.83786207e+01  3.38844156e+02 -1.44141693e+01 
 3.46736850e+02  6.83659618e+01  3.46736850e+02 -1.47354728e+01 
 3.54813389e+02  6.83527456e+01  3.54813389e+02 -1.50632827e+01 
 3.63078055e+02  6.83389496e+01  3.63078055e+02 -1.53976870e+01 
 3.71535229e+02  6.83245502e+01  3.71535229e+02 -1.57387719e+01 
 3.80189396e+02  6.83095232e+01  3.80189396e+02 -1.60866216e+01 
 3.89045145e+02  6.82938435e+01  3.89045145e+02 -1.64413180e+01 
 3.98107171e+02  6.82774853e+01  3.98107171e+02 -1.68029405e+01 
 4.07380278e+02  6.82604219e+01  4.07380278e+02 -1.71715655e+01 
 4.16869383e+02  6.82426259e+01  4.16869383e+02 -1.75472665e+01 
 4.26579519e+02  6.82240691e+01  4.26579519e+02 -1.79301135e+01 
 4.36515832e+02  6.82047223e+01  4.36515832e+02 -1.83201729e+01 
 4.46683592e+02  6.81845557e+01  4.46683592e+02 -1.87175067e+01 
 4.57088190e+02  6.81635386e+01  4.57088190e+02 -1.91221731e+01 
 4.67735141e+02  6.81416394e+01  4.67735141e+02 -1.95342249e+01 
 4.78630092e+02  6.81188258e+01  4.78630092e+02 -1.99537104e+01 
 4.89778819e+02  6.80950649e+01  4.89778819e+02 -2.03806721e+01 
 5.01187234e+02  6.80703227e+01  5.01187234e+02 -2.08151469e+01 
 5.12861384e+02  6.80445646e+01  5.12861384e+02 -2.12571652e+01 
 5.24807460e+02  6.80177554e+01  5.24807460e+02 -2.17067511e+01 
 5.37031796e+02  6.79898589e+01  5.37031796e+02 -2.21639217e+01 
 5.49540874e+02  6.79608385e+01  5.49540874e+02 -2.26286866e+01 
 5.62341325e+02  6.79306568e+01  5.62341325e+02 -2.31010477e+01 
 5.75439937e+02  6.78992759e+01  5.75439937e+02 -2.35809987e+01 
 5.88843655e+02  6.78666573e+01  5.88843655e+02 -2.40685249e+01 
 6.02559586e+02  6.78327620e+01  6.02559586e+02 -2.45636025e+01 
 6.16595002e+02  6.77975506e+01  6.16595002e+02 -2.50661985e+01 
 6.30957344e+02  6.77609831e+01  6.30957344e+02 -2.55762702e+01 
 6.45654229e+02  6.77230194e+01  6.45654229e+02 -2.60937648e+01 
 6.60693448e+02  6.76836191e+01  6.60693448e+02 -2.66186191e+01 
 6.76082975e+02  6.76427414e+01  6.76082975e+02 -2.71507595e+01 
 6.91830971e+02  6.76003457e+01  6.91830971e+02 -2.76901010e+01 
 7.07945784e+02  6.75563911e+01  7.07945784e+02 -2.82365475e+01 
 7.24435960e+02  6.75108368e+01  7.24435960e+02 -2.87899915e+01 
 7.41310241e+02  6.74636423e+01  7.41310241e+02 -2.93503135e+01 
 7.58577575e+02  6.74147672e+01  7.58577575e+02 -2.99173824e+01 
 7.76247117e+02  6.73641714e+01  7.76247117e+02 -3.04910546e+01 
 7.94328235e+02  6.73118155e+01  7.94328235e+02 -3.10711747e+01 
 8.12830516e+02  6.72576602e+01  8.12830516e+02 -3.16575749e+01 
 8.31763771e+02  6.72016673e+01  8.31763771e+02 -3.22500751e+01 
 8.51138038e+02  6.71437992e+01  8.51138038e+02 -3.28484830e+01 
 8.70963590e+02  6.70840190e+01  8.70963590e+02 -3.34525943e+01 
 8.91250938e+02  6.70222911e+01  8.91250938e+02 -3.40621923e+01 
 9.12010839e+02  6.69585809e+01  9.12010839e+02 -3.46770488e+01 
 9.33254301e+02  6.68928549e+01  9.33254301e+02 -3.52969238e+01 
 9.54992586e+02  6.68250811e+01  9.54992586e+02 -3.59215663e+01 
 9.77237221e+02  6.67552288e+01  9.77237221e+02 -3.65507140e+01 
 1.00000000e+03  6.66832691e+01  1.00000000e+03 -3.71840942e+01 
 1.02329299e+03  6.66091745e+01  1.02329299e+03 -3.78214243e+01 
 1.04712855e+03  6.65329195e+01  1.04712855e+03 -3.84624119e+01 
 1.07151931e+03  6.64544802e+01  1.07151931e+03 -3.91067559e+01 
 1.09647820e+03  6.63738349e+01  1.09647820e+03 -3.97541467e+01 
 1.12201845e+03  6.62909638e+01  1.12201845e+03 -4.04042670e+01 
 1.14815362e+03  6.62058494e+01  1.14815362e+03 -4.10567929e+01 
 1.17489755e+03  6.61184761e+01  1.17489755e+03 -4.17113940e+01 
 1.20226443e+03  6.60288309e+01  1.20226443e+03 -4.23677346e+01 
 1.23026877e+03  6.59369028e+01  1.23026877e+03 -4.30254746e+01 
 1.25892541e+03  6.58426834e+01  1.25892541e+03 -4.36842703e+01 
 1.28824955e+03  6.57461666e+01  1.28824955e+03 -4.43437750e+01 
 1.31825674e+03  6.56473486e+01  1.31825674e+03 -4.50036404e+01 
 1.34896288e+03  6.55462283e+01  1.34896288e+03 -4.56635170e+01 
 1.38038426e+03  6.54428067e+01  1.38038426e+03 -4.63230556e+01 
 1.41253754e+03  6.53370876e+01  1.41253754e+03 -4.69819077e+01 
 1.44543977e+03  6.52290769e+01  1.44543977e+03 -4.76397267e+01 
 1.47910839e+03  6.51187832e+01  1.47910839e+03 -4.82961688e+01 
 1.51356125e+03  6.50062172e+01  1.51356125e+03 -4.89508936e+01 
 1.54881662e+03  6.48913919e+01  1.54881662e+03 -4.96035656e+01 
 1.58489319e+03  6.47743229e+01  1.58489319e+03 -5.02538542e+01 
 1.62181010e+03  6.46550275e+01  1.62181010e+03 -5.09014353e+01 
 1.65958691e+03  6.45335257e+01  1.65958691e+03 -5.15459915e+01 
 1.69824365e+03  6.44098389e+01  1.69824365e+03 -5.21872131e+01 
 1.73780083e+03  6.42839911e+01  1.73780083e+03 -5.28247988e+01 
 1.77827941e+03  6.41560076e+01  1.77827941e+03 -5.34584561e+01 
 1.81970086e+03  6.40259160e+01  1.81970086e+03 -5.40879021e+01 
 1.86208714e+03  6.38937451e+01  1.86208714e+03 -5.47128640e+01 
 1.90546072e+03  6.37595255e+01  1.90546072e+03 -5.53330794e+01 
 1.94984460e+03  6.36232893e+01  1.94984460e+03 -5.59482970e+01 
 1.99526231e+03  6.34850699e+01  1.99526231e+03 -5.65582766e+01 
 2.04173794e+03  6.33449018e+01  2.04173794e+03 -5.71627897e+01 
 2.08929613e+03  6.32028207e+01  2.08929613e+03 -5.77616198e+01 
 2.13796209e+03  6.30588633e+01  2.13796209e+03 -5.83545621e+01 
 2.18776162e+03  6.29130673e+01  2.18776162e+03 -5.89414242e+01 
 2.23872114e+03  6.27654710e+01  2.23872114e+03 -5.95220258e+01 
 2.29086765e+03  6.26161134e+01  2.29086765e+03 -6.00961990e+01 
 2.34422882e+03  6.24650341e+01  2.34422882e+03 -6.06637881e+01 
 2.39883292e+03  6.23122731e+01  2.39883292e+03 -6.12246496e+01 
 2.45470892e+03  6.21578708e+01  2.45470892e+03 -6.17786521e+01 
 2.51188643e+03  6.20018677e+01  2.51188643e+03 -6.23256760e+01 
 2.57039578e+03  6.18443047e+01  2.57039578e+03 -6.28656138e+01 
 2.63026799e+03  6.16852225e+01  2.63026799e+03 -6.33983690e+01 
 2.69153480e+03  6.15246619e+01  2.69153480e+03 -6.39238570e+01 
 2.75422870e+03  6.13626635e+01  2.75422870e+03 -6.44420037e+01 
 2.81838293e+03  6.11992679e+01  2.81838293e+03 -6.49527461e+01 
 2.88403150e+03  6.10345152e+01  2.88403150e+03 -6.54560313e+01 
 2.95120923e+03  6.08684452e+01  2.95120923e+03 -6.59518167e+01 
 3.01995172e+03  6.07010975e+01  3.01995172e+03 -6.64400692e+01 
 3.09029543e+03  6.05325111e+01  3.09029543e+03 -6.69207650e+01 
 3.16227766e+03  6.03627244e+01  3.16227766e+03 -6.73938895e+01 
 3.23593657e+03  6.01917754e+01  3.23593657e+03 -6.78594366e+01 
 3.31131121e+03  6.00197016e+01  3.31131121e+03 -6.83174080e+01 
 3.38844156e+03  5.98465395e+01  3.38844156e+03 -6.87678138e+01 
 3.46736850e+03  5.96723253e+01  3.46736850e+03 -6.92106709e+01 
 3.54813389e+03  5.94970943e+01  3.54813389e+03 -6.96460037e+01 
 3.63078055e+03  5.93208810e+01  3.63078055e+03 -7.00738428e+01 
 3.71535229e+03  5.91437195e+01  3.71535229e+03 -7.04942252e+01 
 3.80189396e+03  5.89656428e+01  3.80189396e+03 -7.09071938e+01 
 3.89045145e+03  5.87866832e+01  3.89045145e+03 -7.13127968e+01 
 3.98107171e+03  5.86068722e+01  3.98107171e+03 -7.17110877e+01 
 4.07380278e+03  5.84262406e+01  4.07380278e+03 -7.21021246e+01 
 4.16869383e+03  5.82448182e+01  4.16869383e+03 -7.24859700e+01 
 4.26579519e+03  5.80626342e+01  4.26579519e+03 -7.28626907e+01 
 4.36515832e+03  5.78797169e+01  4.36515832e+03 -7.32323568e+01 
 4.46683592e+03  5.76960937e+01  4.46683592e+03 -7.35950423e+01 
 4.57088190e+03  5.75117912e+01  4.57088190e+03 -7.39508240e+01 
 4.67735141e+03  5.73268355e+01  4.67735141e+03 -7.42997817e+01 
 4.78630092e+03  5.71412514e+01  4.78630092e+03 -7.46419977e+01 
 4.89778819e+03  5.69550633e+01  4.89778819e+03 -7.49775567e+01 
 5.01187234e+03  5.67682947e+01  5.01187234e+03 -7.53065452e+01 
 5.12861384e+03  5.65809684e+01  5.12861384e+03 -7.56290519e+01 
 5.24807460e+03  5.63931062e+01  5.24807460e+03 -7.59451667e+01 
 5.37031796e+03  5.62047296e+01  5.37031796e+03 -7.62549811e+01 
 5.49540874e+03  5.60158589e+01  5.49540874e+03 -7.65585876e+01 
 5.62341325e+03  5.58265140e+01  5.62341325e+03 -7.68560798e+01 
 5.75439937e+03  5.56367140e+01  5.75439937e+03 -7.71475520e+01 
 5.88843655e+03  5.54464774e+01  5.88843655e+03 -7.74330992e+01 
 6.02559586e+03  5.52558218e+01  6.02559586e+03 -7.77128167e+01 
 6.16595002e+03  5.50647645e+01  6.16595002e+03 -7.79868002e+01 
 6.30957344e+03  5.48733220e+01  6.30957344e+03 -7.82551456e+01 
 6.45654229e+03  5.46815101e+01  6.45654229e+03 -7.85179488e+01 
 6.60693448e+03  5.44893441e+01  6.60693448e+03 -7.87753055e+01 
 6.76082975e+03  5.42968387e+01  6.76082975e+03 -7.90273113e+01 
 6.91830971e+03  5.41040081e+01  6.91830971e+03 -7.92740616e+01 
 7.07945784e+03  5.39108659e+01  7.07945784e+03 -7.95156511e+01 
 7.24435960e+03  5.37174252e+01  7.24435960e+03 -7.97521742e+01 
 7.41310241e+03  5.35236986e+01  7.41310241e+03 -7.99837247e+01 
 7.58577575e+03  5.33296980e+01  7.58577575e+03 -8.02103958e+01 
 7.76247117e+03  5.31354353e+01  7.76247117e+03 -8.04322798e+01 
 7.94328235e+03  5.29409213e+01  7.94328235e+03 -8.06494683e+01 
 8.12830516e+03  5.27461670e+01  8.12830516e+03 -8.08620521e+01 
 8.31763771e+03  5.25511825e+01  8.31763771e+03 -8.10701211e+01 
 8.51138038e+03  5.23559777e+01  8.51138038e+03 -8.12737642e+01 
 8.70963590e+03  5.21605620e+01  8.70963590e+03 -8.14730693e+01 
 8.91250938e+03  5.19649445e+01  8.91250938e+03 -8.16681233e+01 
 9.12010839e+03  5.17691339e+01  9.12010839e+03 -8.18590121e+01 
 9.33254301e+03  5.15731386e+01  9.33254301e+03 -8.20458204e+01 
 9.54992586e+03  5.13769665e+01  9.54992586e+03 -8.22286320e+01 
 9.77237221e+03  5.11806252e+01  9.77237221e+03 -8.24075293e+01 
 1.00000000e+04  5.09841222e+01  1.00000000e+04 -8.25825938e+01 
 1.02329299e+04  5.07874644e+01  1.02329299e+04 -8.27539056e+01 
 1.04712855e+04  5.05906586e+01  1.04712855e+04 -8.29215437e+01 
 1.07151931e+04  5.03937113e+01  1.07151931e+04 -8.30855862e+01 
 1.09647820e+04  5.01966286e+01  1.09647820e+04 -8.32461095e+01 
 1.12201845e+04  4.99994165e+01  1.12201845e+04 -8.34031892e+01 
 1.14815362e+04  4.98020805e+01  1.14815362e+04 -8.35568995e+01 
 1.17489755e+04  4.96046262e+01  1.17489755e+04 -8.37073135e+01 
 1.20226443e+04  4.94070588e+01  1.20226443e+04 -8.38545031e+01 
 1.23026877e+04  4.92093831e+01  1.23026877e+04 -8.39985389e+01 
 1.25892541e+04  4.90116040e+01  1.25892541e+04 -8.41394904e+01 
 1.28824955e+04  4.88137261e+01  1.28824955e+04 -8.42774259e+01 
 1.31825674e+04  4.86157536e+01  1.31825674e+04 -8.44124126e+01 
 1.34896288e+04  4.84176908e+01  1.34896288e+04 -8.45445163e+01 
 1.38038426e+04  4.82195416e+01  1.38038426e+04 -8.46738018e+01 
 1.41253754e+04  4.80213099e+01  1.41253754e+04 -8.48003328e+01 
 1.44543977e+04  4.78229993e+01  1.44543977e+04 -8.49241719e+01 
 1.47910839e+04  4.76246133e+01  1.47910839e+04 -8.50453802e+01 
 1.51356125e+04  4.74261552e+01  1.51356125e+04 -8.51640182e+01 
 1.54881662e+04  4.72276283e+01  1.54881662e+04 -8.52801449e+01 
 1.58489319e+04  4.70290356e+01  1.58489319e+04 -8.53938185e+01 
 1.62181010e+04  4.68303800e+01  1.62181010e+04 -8.55050959e+01 
 1.65958691e+04  4.66316644e+01  1.65958691e+04 -8.56140332e+01 
 1.69824365e+04  4.64328913e+01  1.69824365e+04 -8.57206851e+01 
 1.73780083e+04  4.62340633e+01  1.73780083e+04 -8.58251056e+01 
 1.77827941e+04  4.60351830e+01  1.77827941e+04 -8.59273475e+01 
 1.81970086e+04  4.58362526e+01  1.81970086e+04 -8.60274628e+01 
 1.86208714e+04  4.56372743e+01  1.86208714e+04 -8.61255024e+01 
 1.90546072e+04  4.54382503e+01  1.90546072e+04 -8.62215162e+01 
 1.94984460e+04  4.52391826e+01  1.94984460e+04 -8.63155532e+01 
 1.99526231e+04  4.50400732e+01  1.99526231e+04 -8.64076615e+01 
 2.04173794e+04  4.48409240e+01  2.04173794e+04 -8.64978883e+01 
 2.08929613e+04  4.46417367e+01  2.08929613e+04 -8.65862800e+01 
 2.13796209e+04  4.44425129e+01  2.13796209e+04 -8.66728818e+01 
 2.18776162e+04  4.42432545e+01  2.18776162e+04 -8.67577385e+01 
 2.23872114e+04  4.40439629e+01  2.23872114e+04 -8.68408937e+01 
 2.29086765e+04  4.38446395e+01  2.29086765e+04 -8.69223903e+01 
 2.34422882e+04  4.36452859e+01  2.34422882e+04 -8.70022706e+01 
 2.39883292e+04  4.34459033e+01  2.39883292e+04 -8.70805757e+01 
 2.45470892e+04  4.32464931e+01  2.45470892e+04 -8.71573463e+01 
 2.51188643e+04  4.30470566e+01  2.51188643e+04 -8.72326222e+01 
 2.57039578e+04  4.28475948e+01  2.57039578e+04 -8.73064425e+01 
 2.63026799e+04  4.26481089e+01  2.63026799e+04 -8.73788455e+01 
 2.69153480e+04  4.24486001e+01  2.69153480e+04 -8.74498689e+01 
 2.75422870e+04  4.22490693e+01  2.75422870e+04 -8.75195496e+01 
 2.81838293e+04  4.20495175e+01  2.81838293e+04 -8.75879241e+01 
 2.88403150e+04  4.18499458e+01  2.88403150e+04 -8.76550279e+01 
 2.95120923e+04  4.16503549e+01  2.95120923e+04 -8.77208961e+01 
 3.01995172e+04  4.14507457e+01  3.01995172e+04 -8.77855630e+01 
 3.09029543e+04  4.12511191e+01  3.09029543e+04 -8.78490626e+01 
 3.16227766e+04  4.10514759e+01  3.16227766e+04 -8.79114280e+01 
 3.23593657e+04  4.08518167e+01  3.23593657e+04 -8.79726918e+01 
 3.31131121e+04  4.06521424e+01  3.31131121e+04 -8.80328862e+01 
 3.38844156e+04  4.04524536e+01  3.38844156e+04 -8.80920427e+01 
 3.46736850e+04  4.02527510e+01  3.46736850e+04 -8.81501924e+01 
 3.54813389e+04  4.00530352e+01  3.54813389e+04 -8.82073657e+01 
 3.63078055e+04  3.98533068e+01  3.63078055e+04 -8.82635927e+01 
 3.71535229e+04  3.96535663e+01  3.71535229e+04 -8.83189028e+01 
 3.80189396e+04  3.94538144e+01  3.80189396e+04 -8.83733253e+01 
 3.89045145e+04  3.92540515e+01  3.89045145e+04 -8.84268886e+01 
 3.98107171e+04  3.90542782e+01  3.98107171e+04 -8.84796210e+01 
 4.07380278e+04  3.88544949e+01  4.07380278e+04 -8.85315501e+01 
 4.16869383e+04  3.86547020e+01  4.16869383e+04 -8.85827035e+01 
 4.26579519e+04  3.84549001e+01  4.26579519e+04 -8.86331079e+01 
 4.36515832e+04  3.82550896e+01  4.36515832e+04 -8.86827899e+01 
 4.46683592e+04  3.80552708e+01  4.46683592e+04 -8.87317758e+01 
 4.57088190e+04  3.78554441e+01  4.57088190e+04 -8.87800913e+01 
 4.67735141e+04  3.76556099e+01  4.67735141e+04 -8.88277620e+01 
 4.78630092e+04  3.74557685e+01  4.78630092e+04 -8.88748129e+01 
 4.89778819e+04  3.72559203e+01  4.89778819e+04 -8.89212689e+01 
 5.01187234e+04  3.70560657e+01  5.01187234e+04 -8.89671545e+01 
 5.12861384e+04  3.68562048e+01  5.12861384e+04 -8.90124939e+01 
 5.24807460e+04  3.66563380e+01  5.24807460e+04 -8.90573111e+01 
 5.37031796e+04  3.64564656e+01  5.37031796e+04 -8.91016298e+01 
 5.49540874e+04  3.62565879e+01  5.49540874e+04 -8.91454733e+01 
 5.62341325e+04  3.60567051e+01  5.62341325e+04 -8.91888648e+01 
 5.75439937e+04  3.58568174e+01  5.75439937e+04 -8.92318272e+01 
 5.88843655e+04  3.56569252e+01  5.88843655e+04 -8.92743834e+01 
 6.02559586e+04  3.54570285e+01  6.02559586e+04 -8.93165557e+01 
 6.16595002e+04  3.52571278e+01  6.16595002e+04 -8.93583664e+01 
 6.30957344e+04  3.50572230e+01  6.30957344e+04 -8.93998377e+01 
 6.45654229e+04  3.48573146e+01  6.45654229e+04 -8.94409915e+01 
 6.60693448e+04  3.46574026e+01  6.60693448e+04 -8.94818496e+01 
 6.76082975e+04  3.44574872e+01  6.76082975e+04 -8.95224335e+01 
 6.91830971e+04  3.42575686e+01  6.91830971e+04 -8.95627648e+01 
 7.07945784e+04  3.40576471e+01  7.07945784e+04 -8.96028648e+01 
 7.24435960e+04  3.38577227e+01  7.24435960e+04 -8.96427547e+01 
 7.41310241e+04  3.36577956e+01  7.41310241e+04 -8.96824557e+01 
 7.58577575e+04  3.34578660e+01  7.58577575e+04 -8.97219887e+01 
 7.76247117e+04  3.32579340e+01  7.76247117e+04 -8.97613746e+01 
 7.94328235e+04  3.30579997e+01  7.94328235e+04 -8.98006344e+01 
 8.12830516e+04  3.28580634e+01  8.12830516e+04 -8.98397888e+01 
 8.31763771e+04  3.26581251e+01  8.31763771e+04 -8.98788586e+01 
 8.51138038e+04  3.24581850e+01  8.51138038e+04 -8.99178643e+01 
 8.70963590e+04  3.22582432e+01  8.70963590e+04 -8.99568268e+01 
 8.91250938e+04  3.20582998e+01  8.91250938e+04 -8.99957665e+01 
 9.12010839e+04  3.18583549e+01  9.12010839e+04 -9.00347043e+01 
 9.33254301e+04  3.16584087e+01  9.33254301e+04 -9.00736605e+01 
 9.54992586e+04  3.14584613e+01  9.54992586e+04 -9.01126560e+01 
 9.77237221e+04  3.12585127e+01  9.77237221e+04 -9.01517113e+01 
 1.00000000e+05  3.10585632e+01  1.00000000e+05 -9.01908472e+01 
 1.02329299e+05  3.08586127e+01  1.02329299e+05 -9.02300843e+01 
 1.04712855e+05  3.06586615e+01  1.04712855e+05 -9.02694434e+01 
 1.07151931e+05  3.04587095e+01  1.07151931e+05 -9.03089455e+01 
 1.09647820e+05  3.02587570e+01  1.09647820e+05 -9.03486114e+01 
 1.12201845e+05  3.00588039e+01  1.12201845e+05 -9.03884621e+01 
 1.14815362e+05  2.98588505e+01  1.14815362e+05 -9.04285188e+01 
 1.17489755e+05  2.96588968e+01  1.17489755e+05 -9.04688026e+01 
 1.20226443e+05  2.94589429e+01  1.20226443e+05 -9.05093350e+01 
 1.23026877e+05  2.92589889e+01  1.23026877e+05 -9.05501373e+01 
 1.25892541e+05  2.90590349e+01  1.25892541e+05 -9.05912312e+01 
 1.28824955e+05  2.88590810e+01  1.28824955e+05 -9.06326384e+01 
 1.31825674e+05  2.86591273e+01  1.31825674e+05 -9.06743809e+01 
 1.34896288e+05  2.84591739e+01  1.34896288e+05 -9.07164809e+01 
 1.38038426e+05  2.82592209e+01  1.38038426e+05 -9.07589605e+01 
 1.41253754e+05  2.80592684e+01  1.41253754e+05 -9.08018423e+01 
 1.44543977e+05  2.78593165e+01  1.44543977e+05 -9.08451490e+01 
 1.47910839e+05  2.76593652e+01  1.47910839e+05 -9.08889036e+01 
 1.51356125e+05  2.74594148e+01  1.51356125e+05 -9.09331291e+01 
 1.54881662e+05  2.72594653e+01  1.54881662e+05 -9.09778491e+01 
 1.58489319e+05  2.70595168e+01  1.58489319e+05 -9.10230872e+01 
 1.62181010e+05  2.68595694e+01  1.62181010e+05 -9.10688674e+01 
 1.65958691e+05  2.66596232e+01  1.65958691e+05 -9.11152139e+01 
 1.69824365e+05  2.64596784e+01  1.69824365e+05 -9.11621512e+01 
 1.73780083e+05  2.62597350e+01  1.73780083e+05 -9.12097042e+01 
 1.77827941e+05  2.60597933e+01  1.77827941e+05 -9.12578981e+01 
 1.81970086e+05  2.58598532e+01  1.81970086e+05 -9.13067583e+01 
 1.86208714e+05  2.56599150e+01  1.86208714e+05 -9.13563108e+01 
 1.90546072e+05  2.54599787e+01  1.90546072e+05 -9.14065817e+01 
 1.94984460e+05  2.52600445e+01  1.94984460e+05 -9.14575977e+01 
 1.99526231e+05  2.50601126e+01  1.99526231e+05 -9.15093857e+01 
 2.04173794e+05  2.48601830e+01  2.04173794e+05 -9.15619732e+01 
 2.08929613e+05  2.46602560e+01  2.08929613e+05 -9.16153879e+01 
 2.13796209e+05  2.44603317e+01  2.13796209e+05 -9.16696582e+01 
 2.18776162e+05  2.42604102e+01  2.18776162e+05 -9.17248126e+01 
 2.23872114e+05  2.40604918e+01  2.23872114e+05 -9.17808805e+01 
 2.29086765e+05  2.38605765e+01  2.29086765e+05 -9.18378914e+01 
 2.34422882e+05  2.36606646e+01  2.34422882e+05 -9.18958755e+01 
 2.39883292e+05  2.34607562e+01  2.39883292e+05 -9.19548634e+01 
 2.45470892e+05  2.32608516e+01  2.45470892e+05 -9.20148863e+01 
 2.51188643e+05  2.30609509e+01  2.51188643e+05 -9.20759759e+01 
 2.57039578e+05  2.28610544e+01  2.57039578e+05 -9.21381645e+01 
 2.63026799e+05  2.26611622e+01  2.63026799e+05 -9.22014849e+01 
 2.69153480e+05  2.24612747e+01  2.69153480e+05 -9.22659706e+01 
 2.75422870e+05  2.22613920e+01  2.75422870e+05 -9.23316556e+01 
 2.81838293e+05  2.20615144e+01  2.81838293e+05 -9.23985746e+01 
 2.88403150e+05  2.18616421e+01  2.88403150e+05 -9.24667629e+01 
 2.95120923e+05  2.16617755e+01  2.95120923e+05 -9.25362565e+01 
 3.01995172e+05  2.14619148e+01  3.01995172e+05 -9.26070921e+01 
 3.09029543e+05  2.12620602e+01  3.09029543e+05 -9.26793069e+01 
 3.16227766e+05  2.10622122e+01  3.16227766e+05 -9.27529392e+01 
 3.23593657e+05  2.08623710e+01  3.23593657e+05 -9.28280276e+01 
 3.31131121e+05  2.06625369e+01  3.31131121e+05 -9.29046118e+01 
 3.38844156e+05  2.04627104e+01  3.38844156e+05 -9.29827320e+01 
 3.46736850e+05  2.02628917e+01  3.46736850e+05 -9.30624295e+01 
 3.54813389e+05  2.00630813e+01  3.54813389e+05 -9.31437462e+01 
 3.63078055e+05  1.98632796e+01  3.63078055e+05 -9.32267248e+01 
 3.71535229e+05  1.96634869e+01  3.71535229e+05 -9.33114091e+01 
 3.80189396e+05  1.94637037e+01  3.80189396e+05 -9.33978435e+01 
 3.89045145e+05  1.92639305e+01  3.89045145e+05 -9.34860734e+01 
 3.98107171e+05  1.90641678e+01  3.98107171e+05 -9.35761453e+01 
 4.07380278e+05  1.88644160e+01  4.07380278e+05 -9.36681064e+01 
 4.16869383e+05  1.86646757e+01  4.16869383e+05 -9.37620050e+01 
 4.26579519e+05  1.84649474e+01  4.26579519e+05 -9.38578903e+01 
 4.36515832e+05  1.82652317e+01  4.36515832e+05 -9.39558127e+01 
 4.46683592e+05  1.80655291e+01  4.46683592e+05 -9.40558233e+01 
 4.57088190e+05  1.78658404e+01  4.57088190e+05 -9.41579747e+01 
 4.67735141e+05  1.76661662e+01  4.67735141e+05 -9.42623203e+01 
 4.78630092e+05  1.74665071e+01  4.78630092e+05 -9.43689146e+01 
 4.89778819e+05  1.72668639e+01  4.89778819e+05 -9.44778134e+01 
 5.01187234e+05  1.70672373e+01  5.01187234e+05 -9.45890735e+01 
 5.12861384e+05  1.68676281e+01  5.12861384e+05 -9.47027531e+01 
 5.24807460e+05  1.66680371e+01  5.24807460e+05 -9.48189114e+01 
 5.37031796e+05  1.64684652e+01  5.37031796e+05 -9.49376089e+01 
 5.49540874e+05  1.62689133e+01  5.49540874e+05 -9.50589076e+01 
 5.62341325e+05  1.60693823e+01  5.62341325e+05 -9.51828704e+01 
 5.75439937e+05  1.58698732e+01  5.75439937e+05 -9.53095618e+01 
 5.88843655e+05  1.56703870e+01  5.88843655e+05 -9.54390477e+01 
 6.02559586e+05  1.54709248e+01  6.02559586e+05 -9.55713951e+01 
 6.16595002e+05  1.52714877e+01  6.16595002e+05 -9.57066728e+01 
 6.30957344e+05  1.50720770e+01  6.30957344e+05 -9.58449506e+01 
 6.45654229e+05  1.48726937e+01  6.45654229e+05 -9.59863001e+01 
 6.60693448e+05  1.46733393e+01  6.60693448e+05 -9.61307943e+01 
 6.76082975e+05  1.44740150e+01  6.76082975e+05 -9.62785077e+01 
 6.91830971e+05  1.42747223e+01  6.91830971e+05 -9.64295165e+01 
 7.07945784e+05  1.40754626e+01  7.07945784e+05 -9.65838982e+01 
 7.24435960e+05  1.38762375e+01  7.24435960e+05 -9.67417322e+01 
 7.41310241e+05  1.36770485e+01  7.41310241e+05 -9.69030994e+01 
 7.58577575e+05  1.34778974e+01  7.58577575e+05 -9.70680825e+01 
 7.76247117e+05  1.32787860e+01  7.76247117e+05 -9.72367657e+01 
 7.94328235e+05  1.30797159e+01  7.94328235e+05 -9.74092352e+01 
 8.12830516e+05  1.28806893e+01  8.12830516e+05 -9.75855787e+01 
 8.31763771e+05  1.26817080e+01  8.31763771e+05 -9.77658860e+01 
 8.51138038e+05  1.24827742e+01  8.51138038e+05 -9.79502484e+01 
 8.70963590e+05  1.22838901e+01  8.70963590e+05 -9.81387594e+01 
 8.91250938e+05  1.20850579e+01  8.91250938e+05 -9.83315142e+01 
 9.12010839e+05  1.18862801e+01  9.12010839e+05 -9.85286098e+01 
 9.33254301e+05  1.16875591e+01  9.33254301e+05 -9.87301453e+01 
 9.54992586e+05  1.14888976e+01  9.54992586e+05 -9.89362219e+01 
 9.77237221e+05  1.12902984e+01  9.77237221e+05 -9.91469425e+01 
 1.00000000e+06  1.10917641e+01  1.00000000e+06 -9.93624122e+01 
 1.02329299e+06  1.08932980e+01  1.02329299e+06 -9.95827381e+01 
 1.04712855e+06  1.06949029e+01  1.04712855e+06 -9.98080296e+01 
 1.07151931e+06  1.04965823e+01  1.07151931e+06 -1.00038398e+02 
 1.09647820e+06  1.02983394e+01  1.09647820e+06 -1.00273956e+02 
 1.12201845e+06  1.01001779e+01  1.12201845e+06 -1.00514820e+02 
 1.14815362e+06  9.90210144e+00  1.14815362e+06 -1.00761108e+02 
 1.17489755e+06  9.70411384e+00  1.17489755e+06 -1.01012939e+02 
 1.20226443e+06  9.50621915e+00  1.20226443e+06 -1.01270435e+02 
 1.23026877e+06  9.30842157e+00  1.23026877e+06 -1.01533722e+02 
 1.25892541e+06  9.11072547e+00  1.25892541e+06 -1.01802925e+02 
 1.28824955e+06  8.91313544e+00  1.28824955e+06 -1.02078172e+02 
 1.31825674e+06  8.71565622e+00  1.31825674e+06 -1.02359596e+02 
 1.34896288e+06  8.51829279e+00  1.34896288e+06 -1.02647330e+02 
 1.38038426e+06  8.32105031e+00  1.38038426e+06 -1.02941508e+02 
 1.41253754e+06  8.12393418e+00  1.41253754e+06 -1.03242269e+02 
 1.44543977e+06  7.92695003e+00  1.44543977e+06 -1.03549752e+02 
 1.47910839e+06  7.73010369e+00  1.47910839e+06 -1.03864101e+02 
 1.51356125e+06  7.53340125e+00  1.51356125e+06 -1.04185458e+02 
 1.54881662e+06  7.33684907e+00  1.54881662e+06 -1.04513971e+02 
 1.58489319e+06  7.14045375e+00  1.58489319e+06 -1.04849789e+02 
 1.62181010e+06  6.94422213e+00  1.62181010e+06 -1.05193062e+02 
 1.65958691e+06  6.74816138e+00  1.65958691e+06 -1.05543944e+02 
 1.69824365e+06  6.55227891e+00  1.69824365e+06 -1.05902590e+02 
 1.73780083e+06  6.35658244e+00  1.73780083e+06 -1.06269156e+02 
 1.77827941e+06  6.16107998e+00  1.77827941e+06 -1.06643802e+02 
 1.81970086e+06  5.96577987e+00  1.81970086e+06 -1.07026688e+02 
 1.86208714e+06  5.77069075e+00  1.86208714e+06 -1.07417979e+02 
 1.90546072e+06  5.57582160e+00  1.90546072e+06 -1.07817837e+02 
 1.94984460e+06  5.38118171e+00  1.94984460e+06 -1.08226430e+02 
 1.99526231e+06  5.18678075e+00  1.99526231e+06 -1.08643926e+02 
 2.04173794e+06  4.99262871e+00  2.04173794e+06 -1.09070493e+02 
 2.08929613e+06  4.79873594e+00  2.08929613e+06 -1.09506303e+02 
 2.13796209e+06  4.60511319e+00  2.13796209e+06 -1.09951528e+02 
 2.18776162e+06  4.41177154e+00  2.18776162e+06 -1.10406340e+02 
 2.23872114e+06  4.21872247e+00  2.23872114e+06 -1.10870914e+02 
 2.29086765e+06  4.02597784e+00  2.29086765e+06 -1.11345425e+02 
 2.34422882e+06  3.83354990e+00  2.34422882e+06 -1.11830048e+02 
 2.39883292e+06  3.64145130e+00  2.39883292e+06 -1.12324960e+02 
 2.45470892e+06  3.44969507e+00  2.45470892e+06 -1.12830337e+02 
 2.51188643e+06  3.25829465e+00  2.51188643e+06 -1.13346355e+02 
 2.57039578e+06  3.06726390e+00  2.57039578e+06 -1.13873191e+02 
 2.63026799e+06  2.87661704e+00  2.63026799e+06 -1.14411020e+02 
 2.69153480e+06  2.68636872e+00  2.69153480e+06 -1.14960018e+02 
 2.75422870e+06  2.49653398e+00  2.75422870e+06 -1.15520358e+02 
 2.81838293e+06  2.30712825e+00  2.81838293e+06 -1.16092215e+02 
 2.88403150e+06  2.11816735e+00  2.88403150e+06 -1.16675760e+02 
 2.95120923e+06  1.92966747e+00  2.95120923e+06 -1.17271161e+02 
 3.01995172e+06  1.74164518e+00  3.01995172e+06 -1.17878588e+02 
 3.09029543e+06  1.55411740e+00  3.09029543e+06 -1.18498205e+02 
 3.16227766e+06  1.36710140e+00  3.16227766e+06 -1.19130173e+02 
 3.23593657e+06  1.18061476e+00  3.23593657e+06 -1.19774653e+02 
 3.31131121e+06  9.94675378e-01  3.31131121e+06 -1.20431799e+02 
 3.38844156e+06  8.09301434e-01  3.38844156e+06 -1.21101762e+02 
 3.46736850e+06  6.24511359e-01  3.46736850e+06 -1.21784689e+02 
 3.54813389e+06  4.40323814e-01  3.54813389e+06 -1.22480721e+02 
 3.63078055e+06  2.56757655e-01  3.63078055e+06 -1.23189993e+02 
 3.71535229e+06  7.38318988e-02  3.71535229e+06 -1.23912637e+02 
 3.80189396e+06 -1.08434321e-01  3.80189396e+06 -1.24648776e+02 
 3.89045145e+06 -2.90021795e-01  3.89045145e+06 -1.25398525e+02 
 3.98107171e+06 -4.70911282e-01  3.98107171e+06 -1.26161994e+02 
 4.07380278e+06 -6.51083567e-01  4.07380278e+06 -1.26939284e+02 
 4.16869383e+06 -8.30519515e-01  4.16869383e+06 -1.27730488e+02 
 4.26579519e+06 -1.00920013e+00  4.26579519e+06 -1.28535687e+02 
 4.36515832e+06 -1.18710661e+00  4.36515832e+06 -1.29354956e+02 
 4.46683592e+06 -1.36422044e+00  4.46683592e+06 -1.30188358e+02 
 4.57088190e+06 -1.54052343e+00  4.57088190e+06 -1.31035945e+02 
 4.67735141e+06 -1.71599784e+00  4.67735141e+06 -1.31897758e+02 
 4.78630092e+06 -1.89062641e+00  4.78630092e+06 -1.32773826e+02 
 4.89778819e+06 -2.06439247e+00  4.89778819e+06 -1.33664164e+02 
 5.01187234e+06 -2.23728004e+00  5.01187234e+06 -1.34568777e+02 
 5.12861384e+06 -2.40927389e+00  5.12861384e+06 -1.35487654e+02 
 5.24807460e+06 -2.58035966e+00  5.24807460e+06 -1.36420770e+02 
 5.37031796e+06 -2.75052396e+00  5.37031796e+06 -1.37368086e+02 
 5.49540874e+06 -2.91975446e+00  5.49540874e+06 -1.38329549e+02 
 5.62341325e+06 -3.08803999e+00  5.62341325e+06 -1.39305088e+02 
 5.75439937e+06 -3.25537065e+00  5.75439937e+06 -1.40294619e+02 
 5.88843655e+06 -3.42173792e+00  5.88843655e+06 -1.41298038e+02 
 6.02559586e+06 -3.58713474e+00  6.02559586e+06 -1.42315227e+02 
 6.16595002e+06 -3.75155566e+00  6.16595002e+06 -1.43346051e+02 
 6.30957344e+06 -3.91499690e+00  6.30957344e+06 -1.44390357e+02 
 6.45654229e+06 -4.07745646e+00  6.45654229e+06 -1.45447973e+02 
 6.60693448e+06 -4.23893424e+00  6.60693448e+06 -1.46518713e+02 
 6.76082975e+06 -4.39943211e+00  6.76082975e+06 -1.47602370e+02 
 6.91830971e+06 -4.55895400e+00  6.91830971e+06 -1.48698720e+02 
 7.07945784e+06 -4.71750602e+00  7.07945784e+06 -1.49807522e+02 
 7.24435960e+06 -4.87509646e+00  7.24435960e+06 -1.50928515e+02 
 7.41310241e+06 -5.03173595e+00  7.41310241e+06 -1.52061423e+02 
 7.58577575e+06 -5.18743745e+00  7.58577575e+06 -1.53205950e+02 
 7.76247117e+06 -5.34221635e+00  7.76247117e+06 -1.54361784e+02 
 7.94328235e+06 -5.49609046e+00  7.94328235e+06 -1.55528594e+02 
 8.12830516e+06 -5.64908010e+00  8.12830516e+06 -1.56706035e+02 
 8.31763771e+06 -5.80120806e+00  8.31763771e+06 -1.57893743e+02 
 8.51138038e+06 -5.95249966e+00  8.51138038e+06 -1.59091339e+02 
 8.70963590e+06 -6.10298268e+00  8.70963590e+06 -1.60298428e+02 
 8.91250938e+06 -6.25268740e+00  8.91250938e+06 -1.61514600e+02 
 9.12010839e+06 -6.40164652e+00  9.12010839e+06 -1.62739431e+02 
 9.33254301e+06 -6.54989512e+00  9.33254301e+06 -1.63972482e+02 
 9.54992586e+06 -6.69747063e+00  9.54992586e+06 -1.65213303e+02 
 9.77237221e+06 -6.84441268e+00  9.77237221e+06 -1.66461429e+02 
 1.00000000e+07 -6.99076309e+00  1.00000000e+07 -1.67716384e+02 
 1.02329299e+07 -7.13656570e+00  1.02329299e+07 -1.68977684e+02 
 1.04712855e+07 -7.28186625e+00  1.04712855e+07 -1.70244830e+02 
 1.07151931e+07 -7.42671231e+00  1.07151931e+07 -1.71517319e+02 
 1.09647820e+07 -7.57115304e+00  1.09647820e+07 -1.72794635e+02 
 1.12201845e+07 -7.71523913e+00  1.12201845e+07 -1.74076259e+02 
 1.14815362e+07 -7.85902254e+00  1.14815362e+07 -1.75361663e+02 
 1.17489755e+07 -8.00255639e+00  1.17489755e+07 -1.76650315e+02 
 1.20226443e+07 -8.14589473e+00  1.20226443e+07 -1.77941677e+02 
 1.23026877e+07 -8.28909238e+00  1.23026877e+07 -1.79235208e+02 
 1.25892541e+07 -8.43220471e+00  1.25892541e+07 -1.80530367e+02 
 1.28824955e+07 -8.57528744e+00  1.28824955e+07 -1.81826610e+02 
 1.31825674e+07 -8.71839645e+00  1.31825674e+07 -1.83123391e+02 
 1.34896288e+07 -8.86158755e+00  1.34896288e+07 -1.84420167e+02 
 1.38038426e+07 -9.00491629e+00  1.38038426e+07 -1.85716397e+02 
 1.41253754e+07 -9.14843777e+00  1.41253754e+07 -1.87011541e+02 
 1.44543977e+07 -9.29220640e+00  1.44543977e+07 -1.88305064e+02 
 1.47910839e+07 -9.43627576e+00  1.47910839e+07 -1.89596436e+02 
 1.51356125e+07 -9.58069834e+00  1.51356125e+07 -1.90885131e+02 
 1.54881662e+07 -9.72552545e+00  1.54881662e+07 -1.92170633e+02 
 1.58489319e+07 -9.87080696e+00  1.58489319e+07 -1.93452431e+02 
 1.62181010e+07 -1.00165912e+01  1.62181010e+07 -1.94730024e+02 
 1.65958691e+07 -1.01629248e+01  1.65958691e+07 -1.96002920e+02 
 1.69824365e+07 -1.03098525e+01  1.69824365e+07 -1.97270637e+02 
 1.73780083e+07 -1.04574171e+01  1.73780083e+07 -1.98532706e+02 
 1.77827941e+07 -1.06056594e+01  1.77827941e+07 -1.99788670e+02 
 1.81970086e+07 -1.07546178e+01  1.81970086e+07 -2.01038083e+02 
 1.86208714e+07 -1.09043286e+01  1.86208714e+07 -2.02280515e+02 
 1.90546072e+07 -1.10548259e+01  1.90546072e+07 -2.03515548e+02 
 1.94984460e+07 -1.12061410e+01  1.94984460e+07 -2.04742782e+02 
 1.99526231e+07 -1.13583032e+01  1.99526231e+07 -2.05961830e+02 
 2.04173794e+07 -1.15113392e+01  2.04173794e+07 -2.07172323e+02 
 2.08929613e+07 -1.16652731e+01  2.08929613e+07 -2.08373909e+02 
 2.13796209e+07 -1.18201267e+01  2.13796209e+07 -2.09566250e+02 
 2.18776162e+07 -1.19759195e+01  2.18776162e+07 -2.10749030e+02 
 2.23872114e+07 -1.21326681e+01  2.23872114e+07 -2.11921949e+02 
 2.29086765e+07 -1.22903873e+01  2.29086765e+07 -2.13084724e+02 
 2.34422882e+07 -1.24490892e+01  2.34422882e+07 -2.14237091e+02 
 2.39883292e+07 -1.26087838e+01  2.39883292e+07 -2.15378807e+02 
 2.45470892e+07 -1.27694787e+01  2.45470892e+07 -2.16509644e+02 
 2.51188643e+07 -1.29311797e+01  2.51188643e+07 -2.17629396e+02 
 2.57039578e+07 -1.30938903e+01  2.57039578e+07 -2.18737873e+02 
 2.63026799e+07 -1.32576122e+01  2.63026799e+07 -2.19834907e+02 
 2.69153480e+07 -1.34223451e+01  2.69153480e+07 -2.20920345e+02 
 2.75422870e+07 -1.35880871e+01  2.75422870e+07 -2.21994055e+02 
 2.81838293e+07 -1.37548345e+01  2.81838293e+07 -2.23055922e+02 
 2.88403150e+07 -1.39225823e+01  2.88403150e+07 -2.24105850e+02 
 2.95120923e+07 -1.40913237e+01  2.95120923e+07 -2.25143759e+02 
 3.01995172e+07 -1.42610510e+01  3.01995172e+07 -2.26169588e+02 
 3.09029543e+07 -1.44317548e+01  3.09029543e+07 -2.27183293e+02 
 3.16227766e+07 -1.46034250e+01  3.16227766e+07 -2.28184845e+02 
 3.23593657e+07 -1.47760502e+01  3.23593657e+07 -2.29174233e+02 
 3.31131121e+07 -1.49496182e+01  3.31131121e+07 -2.30151460e+02 
 3.38844156e+07 -1.51241162e+01  3.38844156e+07 -2.31116545e+02 
 3.46736850e+07 -1.52995303e+01  3.46736850e+07 -2.32069523e+02 
 3.54813389e+07 -1.54758463e+01  3.54813389e+07 -2.33010442e+02 
 3.63078055e+07 -1.56530493e+01  3.63078055e+07 -2.33939362e+02 
 3.71535229e+07 -1.58311241e+01  3.71535229e+07 -2.34856359e+02 
 3.80189396e+07 -1.60100552e+01  3.80189396e+07 -2.35761520e+02 
 3.89045145e+07 -1.61898267e+01  3.89045145e+07 -2.36654945e+02 
 3.98107171e+07 -1.63704227e+01  3.98107171e+07 -2.37536744e+02 
 4.07380278e+07 -1.65518270e+01  4.07380278e+07 -2.38407039e+02 
 4.16869383e+07 -1.67340235e+01  4.16869383e+07 -2.39265961e+02 
 4.26579519e+07 -1.69169961e+01  4.26579519e+07 -2.40113653e+02 
 4.36515832e+07 -1.71007290e+01  4.36515832e+07 -2.40950266e+02 
 4.46683592e+07 -1.72852061e+01  4.46683592e+07 -2.41775959e+02 
 4.57088190e+07 -1.74704121e+01  4.57088190e+07 -2.42590901e+02 
 4.67735141e+07 -1.76563314e+01  4.67735141e+07 -2.43395265e+02 
 4.78630092e+07 -1.78429492e+01  4.78630092e+07 -2.44189236e+02 
 4.89778819e+07 -1.80302507e+01  4.89778819e+07 -2.44973002e+02 
 5.01187234e+07 -1.82182217e+01  5.01187234e+07 -2.45746759e+02 
 5.12861384e+07 -1.84068483e+01  5.12861384e+07 -2.46510708e+02 
 5.24807460e+07 -1.85961173e+01  5.24807460e+07 -2.47265054e+02 
 5.37031796e+07 -1.87860157e+01  5.37031796e+07 -2.48010009e+02 
 5.49540874e+07 -1.89765313e+01  5.49540874e+07 -2.48745788e+02 
 5.62341325e+07 -1.91676522e+01  5.62341325e+07 -2.49472610e+02 
 5.75439937e+07 -1.93593673e+01  5.75439937e+07 -2.50190698e+02 
 5.88843655e+07 -1.95516661e+01  5.88843655e+07 -2.50900278e+02 
