 1.000000e+00  9.445088e-05  4.869487e-08 
 1.002305e+00  9.445088e-05  4.880712e-08 
 1.004616e+00  9.445088e-05  4.891963e-08 
 1.006932e+00  9.445088e-05  4.903241e-08 
 1.009253e+00  9.445088e-05  4.914544e-08 
 1.011579e+00  9.445088e-05  4.925873e-08 
 1.013911e+00  9.445088e-05  4.937228e-08 
 1.016249e+00  9.445088e-05  4.948610e-08 
 1.018591e+00  9.445088e-05  4.960017e-08 
 1.020939e+00  9.445088e-05  4.971451e-08 
 1.023293e+00  9.445088e-05  4.982912e-08 
 1.025652e+00  9.445088e-05  4.994399e-08 
 1.028016e+00  9.445088e-05  5.005912e-08 
 1.030386e+00  9.445088e-05  5.017452e-08 
 1.032761e+00  9.445088e-05  5.029018e-08 
 1.035142e+00  9.445088e-05  5.040611e-08 
 1.037528e+00  9.445088e-05  5.052231e-08 
 1.039920e+00  9.445088e-05  5.063878e-08 
 1.042317e+00  9.445088e-05  5.075551e-08 
 1.044720e+00  9.445088e-05  5.087251e-08 
 1.047129e+00  9.445088e-05  5.098979e-08 
 1.049542e+00  9.445088e-05  5.110733e-08 
 1.051962e+00  9.445088e-05  5.122515e-08 
 1.054387e+00  9.445088e-05  5.134323e-08 
 1.056818e+00  9.445088e-05  5.146159e-08 
 1.059254e+00  9.445088e-05  5.158022e-08 
 1.061696e+00  9.445088e-05  5.169913e-08 
 1.064143e+00  9.445088e-05  5.181830e-08 
 1.066596e+00  9.445088e-05  5.193776e-08 
 1.069055e+00  9.445088e-05  5.205749e-08 
 1.071519e+00  9.445088e-05  5.217749e-08 
 1.073989e+00  9.445088e-05  5.229777e-08 
 1.076465e+00  9.445088e-05  5.241833e-08 
 1.078947e+00  9.445088e-05  5.253917e-08 
 1.081434e+00  9.445088e-05  5.266028e-08 
 1.083927e+00  9.445088e-05  5.278168e-08 
 1.086426e+00  9.445088e-05  5.290335e-08 
 1.088930e+00  9.445088e-05  5.302531e-08 
 1.091440e+00  9.445088e-05  5.314754e-08 
 1.093956e+00  9.445088e-05  5.327006e-08 
 1.096478e+00  9.445088e-05  5.339286e-08 
 1.099006e+00  9.445088e-05  5.351594e-08 
 1.101539e+00  9.445088e-05  5.363931e-08 
 1.104079e+00  9.445088e-05  5.376296e-08 
 1.106624e+00  9.445088e-05  5.388690e-08 
 1.109175e+00  9.445088e-05  5.401112e-08 
 1.111732e+00  9.445088e-05  5.413563e-08 
 1.114295e+00  9.445088e-05  5.426043e-08 
 1.116863e+00  9.445088e-05  5.438551e-08 
 1.119438e+00  9.445088e-05  5.451088e-08 
 1.122018e+00  9.445088e-05  5.463654e-08 
 1.124605e+00  9.445088e-05  5.476249e-08 
 1.127197e+00  9.445088e-05  5.488873e-08 
 1.129796e+00  9.445088e-05  5.501526e-08 
 1.132400e+00  9.445088e-05  5.514209e-08 
 1.135011e+00  9.445088e-05  5.526920e-08 
 1.137627e+00  9.445088e-05  5.539661e-08 
 1.140250e+00  9.445088e-05  5.552431e-08 
 1.142878e+00  9.445088e-05  5.565231e-08 
 1.145513e+00  9.445088e-05  5.578060e-08 
 1.148154e+00  9.445088e-05  5.590919e-08 
 1.150800e+00  9.445088e-05  5.603807e-08 
 1.153453e+00  9.445088e-05  5.616725e-08 
 1.156112e+00  9.445088e-05  5.629673e-08 
 1.158777e+00  9.445088e-05  5.642651e-08 
 1.161449e+00  9.445088e-05  5.655659e-08 
 1.164126e+00  9.445088e-05  5.668696e-08 
 1.166810e+00  9.445088e-05  5.681764e-08 
 1.169499e+00  9.445088e-05  5.694862e-08 
 1.172195e+00  9.445088e-05  5.707990e-08 
 1.174898e+00  9.445088e-05  5.721148e-08 
 1.177606e+00  9.445088e-05  5.734337e-08 
 1.180321e+00  9.445088e-05  5.747556e-08 
 1.183042e+00  9.445088e-05  5.760805e-08 
 1.185769e+00  9.445088e-05  5.774085e-08 
 1.188502e+00  9.445088e-05  5.787396e-08 
 1.191242e+00  9.445088e-05  5.800737e-08 
 1.193988e+00  9.445088e-05  5.814109e-08 
 1.196741e+00  9.445088e-05  5.827512e-08 
 1.199499e+00  9.445088e-05  5.840946e-08 
 1.202264e+00  9.445088e-05  5.854411e-08 
 1.205036e+00  9.445088e-05  5.867907e-08 
 1.207814e+00  9.445088e-05  5.881434e-08 
 1.210598e+00  9.445088e-05  5.894992e-08 
 1.213389e+00  9.445088e-05  5.908581e-08 
 1.216186e+00  9.445088e-05  5.922202e-08 
 1.218990e+00  9.445088e-05  5.935854e-08 
 1.221800e+00  9.445088e-05  5.949537e-08 
 1.224616e+00  9.445088e-05  5.963252e-08 
 1.227439e+00  9.445088e-05  5.976999e-08 
 1.230269e+00  9.445088e-05  5.990778e-08 
 1.233105e+00  9.445088e-05  6.004588e-08 
 1.235947e+00  9.445088e-05  6.018430e-08 
 1.238797e+00  9.445088e-05  6.032304e-08 
 1.241652e+00  9.445088e-05  6.046210e-08 
 1.244515e+00  9.445088e-05  6.060148e-08 
 1.247384e+00  9.445088e-05  6.074118e-08 
 1.250259e+00  9.445088e-05  6.088120e-08 
 1.253141e+00  9.445088e-05  6.102154e-08 
 1.256030e+00  9.445088e-05  6.116221e-08 
 1.258925e+00  9.445088e-05  6.130321e-08 
 1.261828e+00  9.445088e-05  6.144453e-08 
 1.264736e+00  9.445088e-05  6.158617e-08 
 1.267652e+00  9.445088e-05  6.172814e-08 
 1.270574e+00  9.445088e-05  6.187044e-08 
 1.273503e+00  9.445088e-05  6.201307e-08 
 1.276439e+00  9.445088e-05  6.215602e-08 
 1.279381e+00  9.445088e-05  6.229930e-08 
 1.282331e+00  9.445088e-05  6.244292e-08 
 1.285287e+00  9.445088e-05  6.258687e-08 
 1.288250e+00  9.445088e-05  6.273114e-08 
 1.291219e+00  9.445088e-05  6.287575e-08 
 1.294196e+00  9.445088e-05  6.302070e-08 
 1.297179e+00  9.445088e-05  6.316597e-08 
 1.300170e+00  9.445088e-05  6.331159e-08 
 1.303167e+00  9.445088e-05  6.345754e-08 
 1.306171e+00  9.445088e-05  6.360382e-08 
 1.309182e+00  9.445088e-05  6.375044e-08 
 1.312200e+00  9.445088e-05  6.389740e-08 
 1.315225e+00  9.445088e-05  6.404470e-08 
 1.318257e+00  9.445088e-05  6.419234e-08 
 1.321296e+00  9.445088e-05  6.434032e-08 
 1.324342e+00  9.445088e-05  6.448864e-08 
 1.327394e+00  9.445088e-05  6.463730e-08 
 1.330454e+00  9.445088e-05  6.478630e-08 
 1.333521e+00  9.445088e-05  6.493565e-08 
 1.336596e+00  9.445088e-05  6.508534e-08 
 1.339677e+00  9.445088e-05  6.523538e-08 
 1.342765e+00  9.445088e-05  6.538576e-08 
 1.345860e+00  9.445088e-05  6.553649e-08 
 1.348963e+00  9.445088e-05  6.568757e-08 
 1.352073e+00  9.445088e-05  6.583900e-08 
 1.355189e+00  9.445088e-05  6.599077e-08 
 1.358313e+00  9.445088e-05  6.614289e-08 
 1.361445e+00  9.445088e-05  6.629537e-08 
 1.364583e+00  9.445088e-05  6.644820e-08 
 1.367729e+00  9.445088e-05  6.660138e-08 
 1.370882e+00  9.445088e-05  6.675491e-08 
 1.374042e+00  9.445088e-05  6.690879e-08 
 1.377209e+00  9.445088e-05  6.706303e-08 
 1.380384e+00  9.445088e-05  6.721763e-08 
 1.383566e+00  9.445088e-05  6.737258e-08 
 1.386756e+00  9.445088e-05  6.752789e-08 
 1.389953e+00  9.445088e-05  6.768356e-08 
 1.393157e+00  9.445088e-05  6.783959e-08 
 1.396368e+00  9.445088e-05  6.799597e-08 
 1.399587e+00  9.445088e-05  6.815272e-08 
 1.402814e+00  9.445088e-05  6.830983e-08 
 1.406048e+00  9.445088e-05  6.846730e-08 
 1.409289e+00  9.445088e-05  6.862513e-08 
 1.412538e+00  9.445088e-05  6.878333e-08 
 1.415794e+00  9.445088e-05  6.894189e-08 
 1.419058e+00  9.445088e-05  6.910082e-08 
 1.422329e+00  9.445088e-05  6.926011e-08 
 1.425608e+00  9.445088e-05  6.941977e-08 
 1.428894e+00  9.445088e-05  6.957980e-08 
 1.432188e+00  9.445088e-05  6.974020e-08 
 1.435489e+00  9.445088e-05  6.990097e-08 
 1.438799e+00  9.445088e-05  7.006211e-08 
 1.442115e+00  9.445088e-05  7.022362e-08 
 1.445440e+00  9.445088e-05  7.038550e-08 
 1.448772e+00  9.445088e-05  7.054776e-08 
 1.452112e+00  9.445088e-05  7.071038e-08 
 1.455459e+00  9.445088e-05  7.087339e-08 
 1.458814e+00  9.445088e-05  7.103677e-08 
 1.462177e+00  9.445088e-05  7.120053e-08 
 1.465548e+00  9.445088e-05  7.136466e-08 
 1.468926e+00  9.445088e-05  7.152917e-08 
 1.472313e+00  9.445088e-05  7.169406e-08 
 1.475707e+00  9.445088e-05  7.185934e-08 
 1.479108e+00  9.445088e-05  7.202499e-08 
 1.482518e+00  9.445088e-05  7.219102e-08 
 1.485936e+00  9.445088e-05  7.235744e-08 
 1.489361e+00  9.445088e-05  7.252424e-08 
 1.492794e+00  9.445088e-05  7.269143e-08 
 1.496236e+00  9.445088e-05  7.285900e-08 
 1.499685e+00  9.445088e-05  7.302696e-08 
 1.503142e+00  9.445088e-05  7.319530e-08 
 1.506607e+00  9.445088e-05  7.336403e-08 
 1.510080e+00  9.445088e-05  7.353315e-08 
 1.513561e+00  9.445088e-05  7.370267e-08 
 1.517050e+00  9.445088e-05  7.387257e-08 
 1.520548e+00  9.445088e-05  7.404286e-08 
 1.524053e+00  9.445088e-05  7.421355e-08 
 1.527566e+00  9.445088e-05  7.438463e-08 
 1.531087e+00  9.445088e-05  7.455610e-08 
 1.534617e+00  9.445088e-05  7.472797e-08 
 1.538155e+00  9.445088e-05  7.490024e-08 
 1.541700e+00  9.445088e-05  7.507290e-08 
 1.545254e+00  9.445088e-05  7.524596e-08 
 1.548817e+00  9.445088e-05  7.541942e-08 
 1.552387e+00  9.445088e-05  7.559328e-08 
 1.555966e+00  9.445088e-05  7.576754e-08 
 1.559553e+00  9.445088e-05  7.594220e-08 
 1.563148e+00  9.445088e-05  7.611727e-08 
 1.566751e+00  9.445088e-05  7.629274e-08 
 1.570363e+00  9.445088e-05  7.646861e-08 
 1.573983e+00  9.445088e-05  7.664489e-08 
 1.577611e+00  9.445088e-05  7.682157e-08 
 1.581248e+00  9.445088e-05  7.699867e-08 
 1.584893e+00  9.445088e-05  7.717617e-08 
 1.588547e+00  9.445088e-05  7.735408e-08 
 1.592209e+00  9.445088e-05  7.753239e-08 
 1.595879e+00  9.445088e-05  7.771113e-08 
 1.599558e+00  9.445088e-05  7.789027e-08 
 1.603245e+00  9.445088e-05  7.806982e-08 
 1.606941e+00  9.445088e-05  7.824979e-08 
 1.610646e+00  9.445088e-05  7.843018e-08 
 1.614359e+00  9.445088e-05  7.861098e-08 
 1.618080e+00  9.445088e-05  7.879219e-08 
 1.621810e+00  9.445088e-05  7.897383e-08 
 1.625549e+00  9.445088e-05  7.915588e-08 
 1.629296e+00  9.445088e-05  7.933836e-08 
 1.633052e+00  9.445088e-05  7.952125e-08 
 1.636817e+00  9.445088e-05  7.970457e-08 
 1.640590e+00  9.445088e-05  7.988830e-08 
 1.644372e+00  9.445088e-05  8.007247e-08 
 1.648162e+00  9.445088e-05  8.025705e-08 
 1.651962e+00  9.445088e-05  8.044206e-08 
 1.655770e+00  9.445088e-05  8.062750e-08 
 1.659587e+00  9.445088e-05  8.081337e-08 
 1.663413e+00  9.445088e-05  8.099966e-08 
 1.667247e+00  9.445088e-05  8.118638e-08 
 1.671091e+00  9.445088e-05  8.137354e-08 
 1.674943e+00  9.445088e-05  8.156112e-08 
 1.678804e+00  9.445088e-05  8.174914e-08 
 1.682674e+00  9.445088e-05  8.193759e-08 
 1.686553e+00  9.445088e-05  8.212648e-08 
 1.690441e+00  9.445088e-05  8.231580e-08 
 1.694338e+00  9.445088e-05  8.250556e-08 
 1.698244e+00  9.445088e-05  8.269575e-08 
 1.702159e+00  9.445088e-05  8.288638e-08 
 1.706082e+00  9.445088e-05  8.307746e-08 
 1.710015e+00  9.445088e-05  8.326897e-08 
 1.713957e+00  9.445088e-05  8.346093e-08 
 1.717908e+00  9.445088e-05  8.365332e-08 
 1.721869e+00  9.445088e-05  8.384616e-08 
 1.725838e+00  9.445088e-05  8.403945e-08 
 1.729816e+00  9.445088e-05  8.423318e-08 
 1.733804e+00  9.445088e-05  8.442736e-08 
 1.737801e+00  9.445088e-05  8.462198e-08 
 1.741807e+00  9.445088e-05  8.481706e-08 
 1.745822e+00  9.445088e-05  8.501258e-08 
 1.749847e+00  9.445088e-05  8.520855e-08 
 1.753881e+00  9.445088e-05  8.540498e-08 
 1.757924e+00  9.445088e-05  8.560186e-08 
 1.761976e+00  9.445088e-05  8.579919e-08 
 1.766038e+00  9.445088e-05  8.599698e-08 
 1.770109e+00  9.445088e-05  8.619522e-08 
 1.774189e+00  9.445088e-05  8.639392e-08 
 1.778279e+00  9.445088e-05  8.659308e-08 
 1.782379e+00  9.445088e-05  8.679270e-08 
 1.786488e+00  9.445088e-05  8.699278e-08 
 1.790606e+00  9.445088e-05  8.719332e-08 
 1.794734e+00  9.445088e-05  8.739432e-08 
 1.798871e+00  9.445088e-05  8.759578e-08 
 1.803018e+00  9.445088e-05  8.779771e-08 
 1.807174e+00  9.445088e-05  8.800011e-08 
 1.811340e+00  9.445088e-05  8.820297e-08 
 1.815516e+00  9.445088e-05  8.840630e-08 
 1.819701e+00  9.445088e-05  8.861009e-08 
 1.823896e+00  9.445088e-05  8.881436e-08 
 1.828100e+00  9.445088e-05  8.901910e-08 
 1.832314e+00  9.445088e-05  8.922431e-08 
 1.836538e+00  9.445088e-05  8.942999e-08 
 1.840772e+00  9.445088e-05  8.963615e-08 
 1.845015e+00  9.445088e-05  8.984278e-08 
 1.849269e+00  9.445088e-05  9.004989e-08 
 1.853532e+00  9.445088e-05  9.025748e-08 
 1.857804e+00  9.445088e-05  9.046554e-08 
 1.862087e+00  9.445088e-05  9.067409e-08 
 1.866380e+00  9.445088e-05  9.088311e-08 
 1.870682e+00  9.445088e-05  9.109262e-08 
 1.874995e+00  9.445088e-05  9.130261e-08 
 1.879317e+00  9.445088e-05  9.151309e-08 
 1.883649e+00  9.445088e-05  9.172404e-08 
 1.887991e+00  9.445088e-05  9.193549e-08 
 1.892344e+00  9.445088e-05  9.214742e-08 
 1.896706e+00  9.445088e-05  9.235985e-08 
 1.901078e+00  9.445088e-05  9.257276e-08 
 1.905461e+00  9.445088e-05  9.278616e-08 
 1.909853e+00  9.445088e-05  9.300005e-08 
 1.914256e+00  9.445088e-05  9.321444e-08 
 1.918669e+00  9.445088e-05  9.342932e-08 
 1.923092e+00  9.445088e-05  9.364470e-08 
 1.927525e+00  9.445088e-05  9.386057e-08 
 1.931968e+00  9.445088e-05  9.407694e-08 
 1.936422e+00  9.445088e-05  9.429381e-08 
 1.940886e+00  9.445088e-05  9.451118e-08 
 1.945360e+00  9.445088e-05  9.472905e-08 
 1.949845e+00  9.445088e-05  9.494743e-08 
 1.954339e+00  9.445088e-05  9.516630e-08 
 1.958845e+00  9.445088e-05  9.538568e-08 
 1.963360e+00  9.445088e-05  9.560557e-08 
 1.967886e+00  9.445088e-05  9.582596e-08 
 1.972423e+00  9.445088e-05  9.604687e-08 
 1.976970e+00  9.445088e-05  9.626828e-08 
 1.981527e+00  9.445088e-05  9.649020e-08 
 1.986095e+00  9.445088e-05  9.671263e-08 
 1.990673e+00  9.445088e-05  9.693558e-08 
 1.995262e+00  9.445088e-05  9.715904e-08 
 1.999862e+00  9.445088e-05  9.738301e-08 
 2.004472e+00  9.445088e-05  9.760750e-08 
 2.009093e+00  9.445088e-05  9.783251e-08 
 2.013724e+00  9.445088e-05  9.805804e-08 
 2.018366e+00  9.445088e-05  9.828408e-08 
 2.023019e+00  9.445088e-05  9.851065e-08 
 2.027683e+00  9.445088e-05  9.873774e-08 
 2.032357e+00  9.445088e-05  9.896536e-08 
 2.037042e+00  9.445088e-05  9.919350e-08 
 2.041738e+00  9.445088e-05  9.942216e-08 
 2.046445e+00  9.445088e-05  9.965135e-08 
 2.051162e+00  9.445088e-05  9.988107e-08 
 2.055891e+00  9.445088e-05  1.001113e-07 
 2.060630e+00  9.445088e-05  1.003421e-07 
 2.065380e+00  9.445088e-05  1.005734e-07 
 2.070141e+00  9.445088e-05  1.008053e-07 
 2.074914e+00  9.445088e-05  1.010376e-07 
 2.079697e+00  9.445088e-05  1.012706e-07 
 2.084491e+00  9.445088e-05  1.015040e-07 
 2.089296e+00  9.445088e-05  1.017380e-07 
 2.094112e+00  9.445088e-05  1.019725e-07 
 2.098940e+00  9.445088e-05  1.022076e-07 
 2.103778e+00  9.445088e-05  1.024432e-07 
 2.108628e+00  9.445088e-05  1.026794e-07 
 2.113489e+00  9.445088e-05  1.029161e-07 
 2.118361e+00  9.445088e-05  1.031533e-07 
 2.123244e+00  9.445088e-05  1.033911e-07 
 2.128139e+00  9.445088e-05  1.036295e-07 
 2.133045e+00  9.445088e-05  1.038683e-07 
 2.137962e+00  9.445088e-05  1.041078e-07 
 2.142891e+00  9.445088e-05  1.043478e-07 
 2.147830e+00  9.445088e-05  1.045883e-07 
 2.152782e+00  9.445088e-05  1.048294e-07 
 2.157744e+00  9.445088e-05  1.050711e-07 
 2.162719e+00  9.445088e-05  1.053133e-07 
 2.167704e+00  9.445088e-05  1.055561e-07 
 2.172701e+00  9.445088e-05  1.057994e-07 
 2.177710e+00  9.445088e-05  1.060433e-07 
 2.182730e+00  9.445088e-05  1.062877e-07 
 2.187762e+00  9.445088e-05  1.065328e-07 
 2.192805e+00  9.445088e-05  1.067783e-07 
 2.197860e+00  9.445088e-05  1.070245e-07 
 2.202926e+00  9.445088e-05  1.072712e-07 
 2.208005e+00  9.445088e-05  1.075185e-07 
 2.213095e+00  9.445088e-05  1.077664e-07 
 2.218196e+00  9.445088e-05  1.080148e-07 
 2.223310e+00  9.445088e-05  1.082638e-07 
 2.228435e+00  9.445088e-05  1.085134e-07 
 2.233572e+00  9.445088e-05  1.087635e-07 
 2.238721e+00  9.445088e-05  1.090142e-07 
 2.243882e+00  9.445088e-05  1.092655e-07 
 2.249055e+00  9.445088e-05  1.095174e-07 
 2.254239e+00  9.445088e-05  1.097699e-07 
 2.259436e+00  9.445088e-05  1.100229e-07 
 2.264644e+00  9.445088e-05  1.102766e-07 
 2.269865e+00  9.445088e-05  1.105308e-07 
 2.275097e+00  9.445088e-05  1.107856e-07 
 2.280342e+00  9.445088e-05  1.110410e-07 
 2.285599e+00  9.445088e-05  1.112969e-07 
 2.290868e+00  9.445088e-05  1.115535e-07 
 2.296149e+00  9.445088e-05  1.118107e-07 
 2.301442e+00  9.445088e-05  1.120684e-07 
 2.306747e+00  9.445088e-05  1.123268e-07 
 2.312065e+00  9.445088e-05  1.125857e-07 
 2.317395e+00  9.445088e-05  1.128452e-07 
 2.322737e+00  9.445088e-05  1.131054e-07 
 2.328091e+00  9.445088e-05  1.133661e-07 
 2.333458e+00  9.445088e-05  1.136274e-07 
 2.338837e+00  9.445088e-05  1.138894e-07 
 2.344229e+00  9.445088e-05  1.141519e-07 
 2.349633e+00  9.445088e-05  1.144151e-07 
 2.355049e+00  9.445088e-05  1.146788e-07 
 2.360478e+00  9.445088e-05  1.149432e-07 
 2.365920e+00  9.445088e-05  1.152081e-07 
 2.371374e+00  9.445088e-05  1.154737e-07 
 2.376840e+00  9.445088e-05  1.157399e-07 
 2.382319e+00  9.445088e-05  1.160067e-07 
 2.387811e+00  9.445088e-05  1.162742e-07 
 2.393316e+00  9.445088e-05  1.165422e-07 
 2.398833e+00  9.445088e-05  1.168109e-07 
 2.404363e+00  9.445088e-05  1.170801e-07 
 2.409905e+00  9.445088e-05  1.173500e-07 
 2.415461e+00  9.445088e-05  1.176205e-07 
 2.421029e+00  9.445088e-05  1.178917e-07 
 2.426610e+00  9.445088e-05  1.181635e-07 
 2.432204e+00  9.445088e-05  1.184359e-07 
 2.437811e+00  9.445088e-05  1.187089e-07 
 2.443431e+00  9.445088e-05  1.189825e-07 
 2.449063e+00  9.445088e-05  1.192568e-07 
 2.454709e+00  9.445088e-05  1.195317e-07 
 2.460368e+00  9.445088e-05  1.198073e-07 
 2.466039e+00  9.445088e-05  1.200835e-07 
 2.471724e+00  9.445088e-05  1.203603e-07 
 2.477422e+00  9.445088e-05  1.206377e-07 
 2.483133e+00  9.445088e-05  1.209158e-07 
 2.488857e+00  9.445088e-05  1.211946e-07 
 2.494595e+00  9.445088e-05  1.214740e-07 
 2.500345e+00  9.445088e-05  1.217540e-07 
 2.506109e+00  9.445088e-05  1.220347e-07 
 2.511886e+00  9.445088e-05  1.223160e-07 
 2.517677e+00  9.445088e-05  1.225979e-07 
 2.523481e+00  9.445088e-05  1.228806e-07 
 2.529298e+00  9.445088e-05  1.231638e-07 
 2.535129e+00  9.445088e-05  1.234478e-07 
 2.540973e+00  9.445088e-05  1.237323e-07 
 2.546830e+00  9.445088e-05  1.240176e-07 
 2.552701e+00  9.445088e-05  1.243035e-07 
 2.558586e+00  9.445088e-05  1.245900e-07 
 2.564484e+00  9.445088e-05  1.248772e-07 
 2.570396e+00  9.445088e-05  1.251651e-07 
 2.576321e+00  9.445088e-05  1.254536e-07 
 2.582260e+00  9.445088e-05  1.257428e-07 
 2.588213e+00  9.445088e-05  1.260327e-07 
 2.594179e+00  9.445088e-05  1.263232e-07 
 2.600160e+00  9.445088e-05  1.266144e-07 
 2.606154e+00  9.445088e-05  1.269063e-07 
 2.612161e+00  9.445088e-05  1.271989e-07 
 2.618183e+00  9.445088e-05  1.274921e-07 
 2.624219e+00  9.445088e-05  1.277860e-07 
 2.630268e+00  9.445088e-05  1.280806e-07 
 2.636331e+00  9.445088e-05  1.283758e-07 
 2.642409e+00  9.445088e-05  1.286717e-07 
 2.648500e+00  9.445088e-05  1.289684e-07 
 2.654606e+00  9.445088e-05  1.292657e-07 
 2.660725e+00  9.445088e-05  1.295637e-07 
 2.666859e+00  9.445088e-05  1.298623e-07 
 2.673006e+00  9.445088e-05  1.301617e-07 
 2.679168e+00  9.445088e-05  1.304617e-07 
 2.685344e+00  9.445088e-05  1.307625e-07 
 2.691535e+00  9.445088e-05  1.310639e-07 
 2.697739e+00  9.445088e-05  1.313661e-07 
 2.703958e+00  9.445088e-05  1.316689e-07 
 2.710192e+00  9.445088e-05  1.319724e-07 
 2.716439e+00  9.445088e-05  1.322767e-07 
 2.722701e+00  9.445088e-05  1.325816e-07 
 2.728978e+00  9.445088e-05  1.328872e-07 
 2.735269e+00  9.445088e-05  1.331936e-07 
 2.741574e+00  9.445088e-05  1.335006e-07 
 2.747894e+00  9.445088e-05  1.338083e-07 
 2.754229e+00  9.445088e-05  1.341168e-07 
 2.760578e+00  9.445088e-05  1.344260e-07 
 2.766942e+00  9.445088e-05  1.347359e-07 
 2.773320e+00  9.445088e-05  1.350465e-07 
 2.779713e+00  9.445088e-05  1.353578e-07 
 2.786121e+00  9.445088e-05  1.356698e-07 
 2.792544e+00  9.445088e-05  1.359826e-07 
 2.798981e+00  9.445088e-05  1.362960e-07 
 2.805434e+00  9.445088e-05  1.366102e-07 
 2.811901e+00  9.445088e-05  1.369251e-07 
 2.818383e+00  9.445088e-05  1.372408e-07 
 2.824880e+00  9.445088e-05  1.375572e-07 
 2.831392e+00  9.445088e-05  1.378743e-07 
 2.837919e+00  9.445088e-05  1.381921e-07 
 2.844461e+00  9.445088e-05  1.385107e-07 
 2.851018e+00  9.445088e-05  1.388300e-07 
 2.857591e+00  9.445088e-05  1.391500e-07 
 2.864178e+00  9.445088e-05  1.394708e-07 
 2.870781e+00  9.445088e-05  1.397923e-07 
 2.877398e+00  9.445088e-05  1.401145e-07 
 2.884032e+00  9.445088e-05  1.404375e-07 
 2.890680e+00  9.445088e-05  1.407613e-07 
 2.897344e+00  9.445088e-05  1.410858e-07 
 2.904023e+00  9.445088e-05  1.414110e-07 
 2.910717e+00  9.445088e-05  1.417370e-07 
 2.917427e+00  9.445088e-05  1.420637e-07 
 2.924152e+00  9.445088e-05  1.423912e-07 
 2.930893e+00  9.445088e-05  1.427195e-07 
 2.937650e+00  9.445088e-05  1.430485e-07 
 2.944422e+00  9.445088e-05  1.433782e-07 
 2.951209e+00  9.445088e-05  1.437087e-07 
 2.958012e+00  9.445088e-05  1.440400e-07 
 2.964831e+00  9.445088e-05  1.443721e-07 
 2.971666e+00  9.445088e-05  1.447049e-07 
 2.978516e+00  9.445088e-05  1.450385e-07 
 2.985383e+00  9.445088e-05  1.453728e-07 
 2.992265e+00  9.445088e-05  1.457079e-07 
 2.999163e+00  9.445088e-05  1.460438e-07 
 3.006076e+00  9.445088e-05  1.463805e-07 
 3.013006e+00  9.445088e-05  1.467179e-07 
 3.019952e+00  9.445088e-05  1.470562e-07 
 3.026913e+00  9.445088e-05  1.473952e-07 
 3.033891e+00  9.445088e-05  1.477349e-07 
 3.040885e+00  9.445088e-05  1.480755e-07 
 3.047895e+00  9.445088e-05  1.484168e-07 
 3.054921e+00  9.445088e-05  1.487590e-07 
 3.061963e+00  9.445088e-05  1.491019e-07 
 3.069022e+00  9.445088e-05  1.494456e-07 
 3.076097e+00  9.445088e-05  1.497901e-07 
 3.083188e+00  9.445088e-05  1.501354e-07 
 3.090295e+00  9.445088e-05  1.504815e-07 
 3.097419e+00  9.445088e-05  1.508284e-07 
 3.104560e+00  9.445088e-05  1.511761e-07 
 3.111716e+00  9.445088e-05  1.515246e-07 
 3.118890e+00  9.445088e-05  1.518739e-07 
 3.126079e+00  9.445088e-05  1.522240e-07 
 3.133286e+00  9.445088e-05  1.525749e-07 
 3.140509e+00  9.445088e-05  1.529267e-07 
 3.147748e+00  9.445088e-05  1.532792e-07 
 3.155005e+00  9.445088e-05  1.536325e-07 
 3.162278e+00  9.445088e-05  1.539867e-07 
 3.169567e+00  9.445088e-05  1.543417e-07 
 3.176874e+00  9.445088e-05  1.546975e-07 
 3.184198e+00  9.445088e-05  1.550541e-07 
 3.191538e+00  9.445088e-05  1.554115e-07 
 3.198895e+00  9.445088e-05  1.557698e-07 
 3.206269e+00  9.445088e-05  1.561289e-07 
 3.213661e+00  9.445088e-05  1.564888e-07 
 3.221069e+00  9.445088e-05  1.568495e-07 
 3.228494e+00  9.445088e-05  1.572111e-07 
 3.235937e+00  9.445088e-05  1.575735e-07 
 3.243396e+00  9.445088e-05  1.579368e-07 
 3.250873e+00  9.445088e-05  1.583008e-07 
 3.258367e+00  9.445088e-05  1.586658e-07 
 3.265878e+00  9.445088e-05  1.590315e-07 
 3.273407e+00  9.445088e-05  1.593981e-07 
 3.280953e+00  9.445088e-05  1.597656e-07 
 3.288516e+00  9.445088e-05  1.601339e-07 
 3.296097e+00  9.445088e-05  1.605030e-07 
 3.303695e+00  9.445088e-05  1.608730e-07 
 3.311311e+00  9.445088e-05  1.612439e-07 
 3.318945e+00  9.445088e-05  1.616156e-07 
 3.326596e+00  9.445088e-05  1.619881e-07 
 3.334264e+00  9.445088e-05  1.623616e-07 
 3.341950e+00  9.445088e-05  1.627358e-07 
 3.349654e+00  9.445088e-05  1.631110e-07 
 3.357376e+00  9.445088e-05  1.634870e-07 
 3.365116e+00  9.445088e-05  1.638639e-07 
 3.372873e+00  9.445088e-05  1.642416e-07 
 3.380648e+00  9.445088e-05  1.646202e-07 
 3.388442e+00  9.445088e-05  1.649997e-07 
 3.396253e+00  9.445088e-05  1.653801e-07 
 3.404082e+00  9.445088e-05  1.657613e-07 
 3.411929e+00  9.445088e-05  1.661434e-07 
 3.419794e+00  9.445088e-05  1.665264e-07 
 3.427678e+00  9.445088e-05  1.669103e-07 
 3.435579e+00  9.445088e-05  1.672951e-07 
 3.443499e+00  9.445088e-05  1.676807e-07 
 3.451437e+00  9.445088e-05  1.680673e-07 
 3.459394e+00  9.445088e-05  1.684547e-07 
 3.467369e+00  9.445088e-05  1.688431e-07 
 3.475362e+00  9.445088e-05  1.692323e-07 
 3.483373e+00  9.445088e-05  1.696224e-07 
 3.491403e+00  9.445088e-05  1.700134e-07 
 3.499452e+00  9.445088e-05  1.704053e-07 
 3.507519e+00  9.445088e-05  1.707982e-07 
 3.515604e+00  9.445088e-05  1.711919e-07 
 3.523709e+00  9.445088e-05  1.715865e-07 
 3.531832e+00  9.445088e-05  1.719821e-07 
 3.539973e+00  9.445088e-05  1.723785e-07 
 3.548134e+00  9.445088e-05  1.727759e-07 
 3.556313e+00  9.445088e-05  1.731742e-07 
 3.564511e+00  9.445088e-05  1.735734e-07 
 3.572728e+00  9.445088e-05  1.739735e-07 
 3.580964e+00  9.445088e-05  1.743746e-07 
 3.589219e+00  9.445088e-05  1.747766e-07 
 3.597493e+00  9.445088e-05  1.751795e-07 
 3.605786e+00  9.445088e-05  1.755833e-07 
 3.614099e+00  9.445088e-05  1.759881e-07 
 3.622430e+00  9.445088e-05  1.763938e-07 
 3.630781e+00  9.445088e-05  1.768004e-07 
 3.639150e+00  9.445088e-05  1.772079e-07 
 3.647539e+00  9.445088e-05  1.776165e-07 
 3.655948e+00  9.445088e-05  1.780259e-07 
 3.664376e+00  9.445088e-05  1.784363e-07 
 3.672823e+00  9.445088e-05  1.788476e-07 
 3.681290e+00  9.445088e-05  1.792599e-07 
 3.689776e+00  9.445088e-05  1.796732e-07 
 3.698282e+00  9.445088e-05  1.800873e-07 
 3.706807e+00  9.445088e-05  1.805025e-07 
 3.715352e+00  9.445088e-05  1.809186e-07 
 3.723917e+00  9.445088e-05  1.813357e-07 
 3.732502e+00  9.445088e-05  1.817537e-07 
 3.741106e+00  9.445088e-05  1.821727e-07 
 3.749730e+00  9.445088e-05  1.825926e-07 
 3.758374e+00  9.445088e-05  1.830135e-07 
 3.767038e+00  9.445088e-05  1.834354e-07 
 3.775722e+00  9.445088e-05  1.838583e-07 
 3.784426e+00  9.445088e-05  1.842821e-07 
 3.793150e+00  9.445088e-05  1.847069e-07 
 3.801894e+00  9.445088e-05  1.851327e-07 
 3.810658e+00  9.445088e-05  1.855595e-07 
 3.819443e+00  9.445088e-05  1.859873e-07 
 3.828247e+00  9.445088e-05  1.864160e-07 
 3.837072e+00  9.445088e-05  1.868457e-07 
 3.845918e+00  9.445088e-05  1.872765e-07 
 3.854784e+00  9.445088e-05  1.877082e-07 
 3.863670e+00  9.445088e-05  1.881409e-07 
 3.872576e+00  9.445088e-05  1.885746e-07 
 3.881504e+00  9.445088e-05  1.890093e-07 
 3.890451e+00  9.445088e-05  1.894450e-07 
 3.899420e+00  9.445088e-05  1.898817e-07 
 3.908409e+00  9.445088e-05  1.903195e-07 
 3.917419e+00  9.445088e-05  1.907582e-07 
 3.926449e+00  9.445088e-05  1.911979e-07 
 3.935501e+00  9.445088e-05  1.916387e-07 
 3.944573e+00  9.445088e-05  1.920805e-07 
 3.953666e+00  9.445088e-05  1.925233e-07 
 3.962780e+00  9.445088e-05  1.929671e-07 
 3.971915e+00  9.445088e-05  1.934119e-07 
 3.981072e+00  9.445088e-05  1.938578e-07 
 3.990249e+00  9.445088e-05  1.943047e-07 
 3.999447e+00  9.445088e-05  1.947526e-07 
 4.008667e+00  9.445088e-05  1.952015e-07 
 4.017908e+00  9.445088e-05  1.956515e-07 
 4.027170e+00  9.445088e-05  1.961025e-07 
 4.036454e+00  9.445088e-05  1.965546e-07 
 4.045759e+00  9.445088e-05  1.970077e-07 
 4.055085e+00  9.445088e-05  1.974618e-07 
 4.064433e+00  9.445088e-05  1.979170e-07 
 4.073803e+00  9.445088e-05  1.983733e-07 
 4.083194e+00  9.445088e-05  1.988306e-07 
 4.092607e+00  9.445088e-05  1.992889e-07 
 4.102041e+00  9.445088e-05  1.997483e-07 
 4.111497e+00  9.445088e-05  2.002088e-07 
 4.120975e+00  9.445088e-05  2.006703e-07 
 4.130475e+00  9.445088e-05  2.011329e-07 
 4.139997e+00  9.445088e-05  2.015966e-07 
 4.149540e+00  9.445088e-05  2.020613e-07 
 4.159106e+00  9.445088e-05  2.025271e-07 
 4.168694e+00  9.445088e-05  2.029940e-07 
 4.178304e+00  9.445088e-05  2.034619e-07 
 4.187936e+00  9.445088e-05  2.039310e-07 
 4.197590e+00  9.445088e-05  2.044011e-07 
 4.207266e+00  9.445088e-05  2.048723e-07 
 4.216965e+00  9.445088e-05  2.053446e-07 
 4.226686e+00  9.445088e-05  2.058179e-07 
 4.236430e+00  9.445088e-05  2.062924e-07 
 4.246196e+00  9.445088e-05  2.067679e-07 
 4.255984e+00  9.445088e-05  2.072446e-07 
 4.265795e+00  9.445088e-05  2.077223e-07 
 4.275629e+00  9.445088e-05  2.082012e-07 
 4.285485e+00  9.445088e-05  2.086811e-07 
 4.295364e+00  9.445088e-05  2.091622e-07 
 4.305266e+00  9.445088e-05  2.096444e-07 
 4.315191e+00  9.445088e-05  2.101276e-07 
 4.325138e+00  9.445088e-05  2.106120e-07 
 4.335109e+00  9.445088e-05  2.110976e-07 
 4.345102e+00  9.445088e-05  2.115842e-07 
 4.355119e+00  9.445088e-05  2.120719e-07 
 4.365158e+00  9.445088e-05  2.125608e-07 
 4.375221e+00  9.445088e-05  2.130508e-07 
 4.385307e+00  9.445088e-05  2.135419e-07 
 4.395416e+00  9.445088e-05  2.140342e-07 
 4.405549e+00  9.445088e-05  2.145276e-07 
 4.415704e+00  9.445088e-05  2.150221e-07 
 4.425884e+00  9.445088e-05  2.155178e-07 
 4.436086e+00  9.445088e-05  2.160146e-07 
 4.446313e+00  9.445088e-05  2.165126e-07 
 4.456562e+00  9.445088e-05  2.170117e-07 
 4.466836e+00  9.445088e-05  2.175120e-07 
 4.477133e+00  9.445088e-05  2.180134e-07 
 4.487454e+00  9.445088e-05  2.185160e-07 
 4.497799e+00  9.445088e-05  2.190197e-07 
 4.508167e+00  9.445088e-05  2.195246e-07 
 4.518559e+00  9.445088e-05  2.200307e-07 
 4.528976e+00  9.445088e-05  2.205379e-07 
 4.539416e+00  9.445088e-05  2.210463e-07 
 4.549881e+00  9.445088e-05  2.215558e-07 
 4.560369e+00  9.445088e-05  2.220666e-07 
 4.570882e+00  9.445088e-05  2.225785e-07 
 4.581419e+00  9.445088e-05  2.230916e-07 
 4.591980e+00  9.445088e-05  2.236059e-07 
 4.602566e+00  9.445088e-05  2.241213e-07 
 4.613176e+00  9.445088e-05  2.246380e-07 
 4.623810e+00  9.445088e-05  2.251558e-07 
 4.634469e+00  9.445088e-05  2.256749e-07 
 4.645153e+00  9.445088e-05  2.261951e-07 
 4.655861e+00  9.445088e-05  2.267165e-07 
 4.666594e+00  9.445088e-05  2.272392e-07 
 4.677351e+00  9.445088e-05  2.277630e-07 
 4.688134e+00  9.445088e-05  2.282881e-07 
 4.698941e+00  9.445088e-05  2.288143e-07 
 4.709773e+00  9.445088e-05  2.293418e-07 
 4.720630e+00  9.445088e-05  2.298705e-07 
 4.731513e+00  9.445088e-05  2.304004e-07 
 4.742420e+00  9.445088e-05  2.309315e-07 
 4.753352e+00  9.445088e-05  2.314639e-07 
 4.764310e+00  9.445088e-05  2.319974e-07 
 4.775293e+00  9.445088e-05  2.325323e-07 
 4.786301e+00  9.445088e-05  2.330683e-07 
 4.797334e+00  9.445088e-05  2.336056e-07 
 4.808393e+00  9.445088e-05  2.341441e-07 
 4.819478e+00  9.445088e-05  2.346838e-07 
 4.830588e+00  9.445088e-05  2.352248e-07 
 4.841724e+00  9.445088e-05  2.357671e-07 
 4.852885e+00  9.445088e-05  2.363106e-07 
 4.864072e+00  9.445088e-05  2.368553e-07 
 4.875285e+00  9.445088e-05  2.374014e-07 
 4.886524e+00  9.445088e-05  2.379486e-07 
 4.897788e+00  9.445088e-05  2.384972e-07 
 4.909079e+00  9.445088e-05  2.390469e-07 
 4.920395e+00  9.445088e-05  2.395980e-07 
 4.931738e+00  9.445088e-05  2.401503e-07 
 4.943107e+00  9.445088e-05  2.407039e-07 
 4.954502e+00  9.445088e-05  2.412588e-07 
 4.965923e+00  9.445088e-05  2.418150e-07 
 4.977371e+00  9.445088e-05  2.423724e-07 
 4.988845e+00  9.445088e-05  2.429311e-07 
 5.000345e+00  9.445088e-05  2.434912e-07 
 5.011872e+00  9.445088e-05  2.440525e-07 
 5.023426e+00  9.445088e-05  2.446151e-07 
 5.035006e+00  9.445088e-05  2.451790e-07 
 5.046613e+00  9.445088e-05  2.457442e-07 
 5.058247e+00  9.445088e-05  2.463107e-07 
 5.069907e+00  9.445088e-05  2.468785e-07 
 5.081594e+00  9.445088e-05  2.474476e-07 
 5.093309e+00  9.445088e-05  2.480180e-07 
 5.105050e+00  9.445088e-05  2.485897e-07 
 5.116818e+00  9.445088e-05  2.491628e-07 
 5.128614e+00  9.445088e-05  2.497372e-07 
 5.140437e+00  9.445088e-05  2.503129e-07 
 5.152286e+00  9.445088e-05  2.508899e-07 
 5.164164e+00  9.445088e-05  2.514683e-07 
 5.176068e+00  9.445088e-05  2.520480e-07 
 5.188000e+00  9.445088e-05  2.526290e-07 
 5.199960e+00  9.445088e-05  2.532114e-07 
 5.211947e+00  9.445088e-05  2.537951e-07 
 5.223962e+00  9.445088e-05  2.543801e-07 
 5.236004e+00  9.445088e-05  2.549665e-07 
 5.248075e+00  9.445088e-05  2.555543e-07 
 5.260173e+00  9.445088e-05  2.561434e-07 
 5.272299e+00  9.445088e-05  2.567339e-07 
 5.284453e+00  9.445088e-05  2.573257e-07 
 5.296634e+00  9.445088e-05  2.579189e-07 
 5.308844e+00  9.445088e-05  2.585135e-07 
 5.321083e+00  9.445088e-05  2.591094e-07 
 5.333349e+00  9.445088e-05  2.597067e-07 
 5.345644e+00  9.445088e-05  2.603054e-07 
 5.357967e+00  9.445088e-05  2.609055e-07 
 5.370318e+00  9.445088e-05  2.615069e-07 
 5.382698e+00  9.445088e-05  2.621098e-07 
 5.395106e+00  9.445088e-05  2.627140e-07 
 5.407543e+00  9.445088e-05  2.633196e-07 
 5.420009e+00  9.445088e-05  2.639266e-07 
 5.432503e+00  9.445088e-05  2.645350e-07 
 5.445027e+00  9.445088e-05  2.651449e-07 
 5.457579e+00  9.445088e-05  2.657561e-07 
 5.470160e+00  9.445088e-05  2.663687e-07 
 5.482770e+00  9.445088e-05  2.669827e-07 
 5.495409e+00  9.445088e-05  2.675982e-07 
 5.508077e+00  9.445088e-05  2.682151e-07 
 5.520774e+00  9.445088e-05  2.688334e-07 
 5.533501e+00  9.445088e-05  2.694531e-07 
 5.546257e+00  9.445088e-05  2.700743e-07 
 5.559043e+00  9.445088e-05  2.706968e-07 
 5.571857e+00  9.445088e-05  2.713209e-07 
 5.584702e+00  9.445088e-05  2.719463e-07 
 5.597576e+00  9.445088e-05  2.725732e-07 
 5.610480e+00  9.445088e-05  2.732016e-07 
 5.623413e+00  9.445088e-05  2.738314e-07 
 5.636377e+00  9.445088e-05  2.744626e-07 
 5.649370e+00  9.445088e-05  2.750953e-07 
 5.662393e+00  9.445088e-05  2.757295e-07 
 5.675446e+00  9.445088e-05  2.763651e-07 
 5.688529e+00  9.445088e-05  2.770022e-07 
 5.701643e+00  9.445088e-05  2.776407e-07 
 5.714786e+00  9.445088e-05  2.782808e-07 
 5.727960e+00  9.445088e-05  2.789223e-07 
 5.741165e+00  9.445088e-05  2.795653e-07 
 5.754399e+00  9.445088e-05  2.802097e-07 
 5.767665e+00  9.445088e-05  2.808557e-07 
 5.780960e+00  9.445088e-05  2.815031e-07 
 5.794287e+00  9.445088e-05  2.821520e-07 
 5.807644e+00  9.445088e-05  2.828025e-07 
 5.821032e+00  9.445088e-05  2.834544e-07 
 5.834451e+00  9.445088e-05  2.841078e-07 
 5.847901e+00  9.445088e-05  2.847628e-07 
 5.861382e+00  9.445088e-05  2.854192e-07 
 5.874894e+00  9.445088e-05  2.860772e-07 
 5.888437e+00  9.445088e-05  2.867366e-07 
 5.902011e+00  9.445088e-05  2.873976e-07 
 5.915616e+00  9.445088e-05  2.880602e-07 
 5.929253e+00  9.445088e-05  2.887242e-07 
 5.942922e+00  9.445088e-05  2.893898e-07 
 5.956621e+00  9.445088e-05  2.900569e-07 
 5.970353e+00  9.445088e-05  2.907255e-07 
 5.984116e+00  9.445088e-05  2.913957e-07 
 5.997911e+00  9.445088e-05  2.920675e-07 
 6.011737e+00  9.445088e-05  2.927408e-07 
 6.025596e+00  9.445088e-05  2.934156e-07 
 6.039486e+00  9.445088e-05  2.940920e-07 
 6.053409e+00  9.445088e-05  2.947699e-07 
 6.067363e+00  9.445088e-05  2.954495e-07 
 6.081350e+00  9.445088e-05  2.961305e-07 
 6.095369e+00  9.445088e-05  2.968132e-07 
 6.109420e+00  9.445088e-05  2.974974e-07 
 6.123504e+00  9.445088e-05  2.981832e-07 
 6.137620e+00  9.445088e-05  2.988706e-07 
 6.151769e+00  9.445088e-05  2.995596e-07 
 6.165950e+00  9.445088e-05  3.002501e-07 
 6.180164e+00  9.445088e-05  3.009423e-07 
 6.194411e+00  9.445088e-05  3.016360e-07 
 6.208690e+00  9.445088e-05  3.023314e-07 
 6.223003e+00  9.445088e-05  3.030283e-07 
 6.237348e+00  9.445088e-05  3.037269e-07 
 6.251727e+00  9.445088e-05  3.044270e-07 
 6.266139e+00  9.445088e-05  3.051288e-07 
 6.280584e+00  9.445088e-05  3.058322e-07 
 6.295062e+00  9.445088e-05  3.065372e-07 
 6.309573e+00  9.445088e-05  3.072438e-07 
 6.324119e+00  9.445088e-05  3.079521e-07 
 6.338697e+00  9.445088e-05  3.086620e-07 
 6.353309e+00  9.445088e-05  3.093736e-07 
 6.367955e+00  9.445088e-05  3.100867e-07 
 6.382635e+00  9.445088e-05  3.108016e-07 
 6.397348e+00  9.445088e-05  3.115180e-07 
 6.412096e+00  9.445088e-05  3.122362e-07 
 6.426877e+00  9.445088e-05  3.129559e-07 
 6.441693e+00  9.445088e-05  3.136774e-07 
 6.456542e+00  9.445088e-05  3.144005e-07 
 6.471426e+00  9.445088e-05  3.151252e-07 
 6.486344e+00  9.445088e-05  3.158517e-07 
 6.501297e+00  9.445088e-05  3.165798e-07 
 6.516284e+00  9.445088e-05  3.173096e-07 
 6.531306e+00  9.445088e-05  3.180411e-07 
 6.546362e+00  9.445088e-05  3.187742e-07 
 6.561453e+00  9.445088e-05  3.195091e-07 
 6.576578e+00  9.445088e-05  3.202456e-07 
 6.591739e+00  9.445088e-05  3.209839e-07 
 6.606934e+00  9.445088e-05  3.217238e-07 
 6.622165e+00  9.445088e-05  3.224655e-07 
 6.637431e+00  9.445088e-05  3.232088e-07 
 6.652732e+00  9.445088e-05  3.239539e-07 
 6.668068e+00  9.445088e-05  3.247007e-07 
 6.683439e+00  9.445088e-05  3.254492e-07 
 6.698846e+00  9.445088e-05  3.261994e-07 
 6.714289e+00  9.445088e-05  3.269514e-07 
 6.729767e+00  9.445088e-05  3.277051e-07 
 6.745280e+00  9.445088e-05  3.284605e-07 
 6.760830e+00  9.445088e-05  3.292177e-07 
 6.776415e+00  9.445088e-05  3.299766e-07 
 6.792036e+00  9.445088e-05  3.307373e-07 
 6.807694e+00  9.445088e-05  3.314997e-07 
 6.823387e+00  9.445088e-05  3.322639e-07 
 6.839116e+00  9.445088e-05  3.330299e-07 
 6.854882e+00  9.445088e-05  3.337976e-07 
 6.870684e+00  9.445088e-05  3.345671e-07 
 6.886523e+00  9.445088e-05  3.353383e-07 
 6.902398e+00  9.445088e-05  3.361114e-07 
 6.918310e+00  9.445088e-05  3.368862e-07 
 6.934258e+00  9.445088e-05  3.376628e-07 
 6.950243e+00  9.445088e-05  3.384412e-07 
 6.966265e+00  9.445088e-05  3.392214e-07 
 6.982324e+00  9.445088e-05  3.400034e-07 
 6.998420e+00  9.445088e-05  3.407871e-07 
 7.014553e+00  9.445088e-05  3.415727e-07 
 7.030723e+00  9.445088e-05  3.423601e-07 
 7.046931e+00  9.445088e-05  3.431494e-07 
 7.063176e+00  9.445088e-05  3.439404e-07 
 7.079458e+00  9.445088e-05  3.447333e-07 
 7.095778e+00  9.445088e-05  3.455280e-07 
 7.112135e+00  9.445088e-05  3.463245e-07 
 7.128530e+00  9.445088e-05  3.471228e-07 
 7.144963e+00  9.445088e-05  3.479230e-07 
 7.161434e+00  9.445088e-05  3.487251e-07 
 7.177943e+00  9.445088e-05  3.495290e-07 
 7.194490e+00  9.445088e-05  3.503347e-07 
 7.211075e+00  9.445088e-05  3.511423e-07 
 7.227698e+00  9.445088e-05  3.519518e-07 
 7.244360e+00  9.445088e-05  3.527631e-07 
 7.261060e+00  9.445088e-05  3.535763e-07 
 7.277798e+00  9.445088e-05  3.543914e-07 
 7.294575e+00  9.445088e-05  3.552084e-07 
 7.311391e+00  9.445088e-05  3.560272e-07 
 7.328245e+00  9.445088e-05  3.568479e-07 
 7.345139e+00  9.445088e-05  3.576706e-07 
 7.362071e+00  9.445088e-05  3.584951e-07 
 7.379042e+00  9.445088e-05  3.593215e-07 
 7.396053e+00  9.445088e-05  3.601498e-07 
 7.413102e+00  9.445088e-05  3.609800e-07 
 7.430191e+00  9.445088e-05  3.618122e-07 
 7.447320e+00  9.445088e-05  3.626463e-07 
 7.464488e+00  9.445088e-05  3.634822e-07 
 7.481695e+00  9.445088e-05  3.643202e-07 
 7.498942e+00  9.445088e-05  3.651600e-07 
 7.516229e+00  9.445088e-05  3.660018e-07 
 7.533556e+00  9.445088e-05  3.668455e-07 
 7.550922e+00  9.445088e-05  3.676912e-07 
 7.568329e+00  9.445088e-05  3.685388e-07 
 7.585776e+00  9.445088e-05  3.693884e-07 
 7.603263e+00  9.445088e-05  3.702399e-07 
 7.620790e+00  9.445088e-05  3.710934e-07 
 7.638358e+00  9.445088e-05  3.719488e-07 
 7.655966e+00  9.445088e-05  3.728063e-07 
 7.673615e+00  9.445088e-05  3.736657e-07 
 7.691304e+00  9.445088e-05  3.745271e-07 
 7.709035e+00  9.445088e-05  3.753904e-07 
 7.726806e+00  9.445088e-05  3.762558e-07 
 7.744618e+00  9.445088e-05  3.771232e-07 
 7.762471e+00  9.445088e-05  3.779925e-07 
 7.780366e+00  9.445088e-05  3.788639e-07 
 7.798301e+00  9.445088e-05  3.797372e-07 
 7.816278e+00  9.445088e-05  3.806126e-07 
 7.834296e+00  9.445088e-05  3.814900e-07 
 7.852356e+00  9.445088e-05  3.823695e-07 
 7.870458e+00  9.445088e-05  3.832509e-07 
 7.888601e+00  9.445088e-05  3.841344e-07 
 7.906786e+00  9.445088e-05  3.850199e-07 
 7.925013e+00  9.445088e-05  3.859075e-07 
 7.943282e+00  9.445088e-05  3.867971e-07 
 7.961594e+00  9.445088e-05  3.876887e-07 
 7.979947e+00  9.445088e-05  3.885825e-07 
 7.998343e+00  9.445088e-05  3.894782e-07 
 8.016781e+00  9.445088e-05  3.903761e-07 
 8.035261e+00  9.445088e-05  3.912760e-07 
 8.053784e+00  9.445088e-05  3.921780e-07 
 8.072350e+00  9.445088e-05  3.930820e-07 
 8.090959e+00  9.445088e-05  3.939882e-07 
 8.109611e+00  9.445088e-05  3.948964e-07 
 8.128305e+00  9.445088e-05  3.958068e-07 
 8.147043e+00  9.445088e-05  3.967192e-07 
 8.165824e+00  9.445088e-05  3.976337e-07 
 8.184648e+00  9.445088e-05  3.985504e-07 
 8.203515e+00  9.445088e-05  3.994691e-07 
 8.222426e+00  9.445088e-05  4.003900e-07 
 8.241381e+00  9.445088e-05  4.013130e-07 
 8.260379e+00  9.445088e-05  4.022381e-07 
 8.279422e+00  9.445088e-05  4.031653e-07 
 8.298508e+00  9.445088e-05  4.040947e-07 
 8.317638e+00  9.445088e-05  4.050263e-07 
 8.336812e+00  9.445088e-05  4.059600e-07 
 8.356030e+00  9.445088e-05  4.068958e-07 
 8.375293e+00  9.445088e-05  4.078338e-07 
 8.394600e+00  9.445088e-05  4.087739e-07 
 8.413951e+00  9.445088e-05  4.097163e-07 
 8.433348e+00  9.445088e-05  4.106608e-07 
 8.452788e+00  9.445088e-05  4.116074e-07 
 8.472274e+00  9.445088e-05  4.125563e-07 
 8.491805e+00  9.445088e-05  4.135073e-07 
 8.511380e+00  9.445088e-05  4.144605e-07 
 8.531001e+00  9.445088e-05  4.154160e-07 
 8.550667e+00  9.445088e-05  4.163736e-07 
 8.570378e+00  9.445088e-05  4.173335e-07 
 8.590135e+00  9.445088e-05  4.182955e-07 
 8.609938e+00  9.445088e-05  4.192598e-07 
 8.629785e+00  9.445088e-05  4.202263e-07 
 8.649679e+00  9.445088e-05  4.211950e-07 
 8.669619e+00  9.445088e-05  4.221659e-07 
 8.689604e+00  9.445088e-05  4.231391e-07 
 8.709636e+00  9.445088e-05  4.241146e-07 
 8.729714e+00  9.445088e-05  4.250923e-07 
 8.749838e+00  9.445088e-05  4.260722e-07 
 8.770008e+00  9.445088e-05  4.270544e-07 
 8.790225e+00  9.445088e-05  4.280389e-07 
 8.810489e+00  9.445088e-05  4.290256e-07 
 8.830799e+00  9.445088e-05  4.300146e-07 
 8.851156e+00  9.445088e-05  4.310059e-07 
 8.871560e+00  9.445088e-05  4.319995e-07 
 8.892011e+00  9.445088e-05  4.329953e-07 
 8.912509e+00  9.445088e-05  4.339935e-07 
 8.933055e+00  9.445088e-05  4.349939e-07 
 8.953648e+00  9.445088e-05  4.359967e-07 
 8.974288e+00  9.445088e-05  4.370018e-07 
 8.994976e+00  9.445088e-05  4.380092e-07 
 9.015711e+00  9.445088e-05  4.390189e-07 
 9.036495e+00  9.445088e-05  4.400309e-07 
 9.057326e+00  9.445088e-05  4.410453e-07 
 9.078205e+00  9.445088e-05  4.420620e-07 
 9.099133e+00  9.445088e-05  4.430811e-07 
 9.120108e+00  9.445088e-05  4.441025e-07 
 9.141132e+00  9.445088e-05  4.451262e-07 
 9.162205e+00  9.445088e-05  4.461524e-07 
 9.183326e+00  9.445088e-05  4.471809e-07 
 9.204496e+00  9.445088e-05  4.482117e-07 
 9.225714e+00  9.445088e-05  4.492449e-07 
 9.246982e+00  9.445088e-05  4.502806e-07 
 9.268298e+00  9.445088e-05  4.513186e-07 
 9.289664e+00  9.445088e-05  4.523590e-07 
 9.311079e+00  9.445088e-05  4.534018e-07 
 9.332543e+00  9.445088e-05  4.544470e-07 
 9.354057e+00  9.445088e-05  4.554946e-07 
 9.375620e+00  9.445088e-05  4.565446e-07 
 9.397233e+00  9.445088e-05  4.575970e-07 
 9.418896e+00  9.445088e-05  4.586519e-07 
 9.440609e+00  9.445088e-05  4.597092e-07 
 9.462372e+00  9.445088e-05  4.607689e-07 
 9.484185e+00  9.445088e-05  4.618311e-07 
 9.506048e+00  9.445088e-05  4.628958e-07 
 9.527962e+00  9.445088e-05  4.639628e-07 
 9.549926e+00  9.445088e-05  4.650324e-07 
 9.571941e+00  9.445088e-05  4.661044e-07 
 9.594006e+00  9.445088e-05  4.671789e-07 
 9.616123e+00  9.445088e-05  4.682558e-07 
 9.638290e+00  9.445088e-05  4.693353e-07 
 9.660509e+00  9.445088e-05  4.704172e-07 
 9.682779e+00  9.445088e-05  4.715016e-07 
 9.705100e+00  9.445088e-05  4.725886e-07 
 9.727472e+00  9.445088e-05  4.736780e-07 
 9.749896e+00  9.445088e-05  4.747699e-07 
 9.772372e+00  9.445088e-05  4.758644e-07 
 9.794900e+00  9.445088e-05  4.769614e-07 
 9.817479e+00  9.445088e-05  4.780609e-07 
 9.840111e+00  9.445088e-05  4.791629e-07 
 9.862795e+00  9.445088e-05  4.802675e-07 
 9.885531e+00  9.445088e-05  4.813746e-07 
 9.908319e+00  9.445088e-05  4.824843e-07 
 9.931160e+00  9.445088e-05  4.835966e-07 
 9.954054e+00  9.445088e-05  4.847114e-07 
 9.977001e+00  9.445088e-05  4.858287e-07 
 1.000000e+01  9.445088e-05  4.869487e-07 
