 1.00000000e+00 -2.04385513e-05 -1.75917183e-09 
 1.00230524e+00 -2.04385513e-05 -1.76322714e-09 
 1.00461579e+00 -2.04385513e-05 -1.76729180e-09 
 1.00693167e+00 -2.04385513e-05 -1.77136583e-09 
 1.00925289e+00 -2.04385513e-05 -1.77544925e-09 
 1.01157945e+00 -2.04385513e-05 -1.77954208e-09 
 1.01391139e+00 -2.04385513e-05 -1.78364435e-09 
 1.01624869e+00 -2.04385513e-05 -1.78775608e-09 
 1.01859139e+00 -2.04385513e-05 -1.79187728e-09 
 1.02093948e+00 -2.04385513e-05 -1.79600798e-09 
 1.02329299e+00 -2.04385513e-05 -1.80014821e-09 
 1.02565193e+00 -2.04385513e-05 -1.80429798e-09 
 1.02801630e+00 -2.04385513e-05 -1.80845732e-09 
 1.03038612e+00 -2.04385513e-05 -1.81262624e-09 
 1.03276141e+00 -2.04385513e-05 -1.81680478e-09 
 1.03514217e+00 -2.04385513e-05 -1.82099294e-09 
 1.03752842e+00 -2.04385513e-05 -1.82519076e-09 
 1.03992017e+00 -2.04385513e-05 -1.82939826e-09 
 1.04231743e+00 -2.04385513e-05 -1.83361546e-09 
 1.04472022e+00 -2.04385513e-05 -1.83784238e-09 
 1.04712855e+00 -2.04385513e-05 -1.84207905e-09 
 1.04954243e+00 -2.04385513e-05 -1.84632548e-09 
 1.05196187e+00 -2.04385513e-05 -1.85058170e-09 
 1.05438690e+00 -2.04385513e-05 -1.85484773e-09 
 1.05681751e+00 -2.04385513e-05 -1.85912359e-09 
 1.05925373e+00 -2.04385513e-05 -1.86340932e-09 
 1.06169556e+00 -2.04385513e-05 -1.86770492e-09 
 1.06414302e+00 -2.04385513e-05 -1.87201042e-09 
 1.06659612e+00 -2.04385513e-05 -1.87632585e-09 
 1.06905488e+00 -2.04385513e-05 -1.88065123e-09 
 1.07151931e+00 -2.04385513e-05 -1.88498658e-09 
 1.07398941e+00 -2.04385513e-05 -1.88933192e-09 
 1.07646521e+00 -2.04385513e-05 -1.89368728e-09 
 1.07894672e+00 -2.04385513e-05 -1.89805268e-09 
 1.08143395e+00 -2.04385513e-05 -1.90242815e-09 
 1.08392691e+00 -2.04385513e-05 -1.90681370e-09 
 1.08642562e+00 -2.04385513e-05 -1.91120936e-09 
 1.08893009e+00 -2.04385513e-05 -1.91561515e-09 
 1.09144034e+00 -2.04385513e-05 -1.92003110e-09 
 1.09395637e+00 -2.04385513e-05 -1.92445723e-09 
 1.09647820e+00 -2.04385513e-05 -1.92889356e-09 
 1.09900584e+00 -2.04385513e-05 -1.93334012e-09 
 1.10153931e+00 -2.04385513e-05 -1.93779693e-09 
 1.10407862e+00 -2.04385513e-05 -1.94226401e-09 
 1.10662378e+00 -2.04385513e-05 -1.94674139e-09 
 1.10917482e+00 -2.04385513e-05 -1.95122909e-09 
 1.11173173e+00 -2.04385513e-05 -1.95572714e-09 
 1.11429453e+00 -2.04385513e-05 -1.96023556e-09 
 1.11686325e+00 -2.04385513e-05 -1.96475437e-09 
 1.11943788e+00 -2.04385513e-05 -1.96928359e-09 
 1.12201845e+00 -2.04385513e-05 -1.97382326e-09 
 1.12460497e+00 -2.04385513e-05 -1.97837339e-09 
 1.12719746e+00 -2.04385513e-05 -1.98293401e-09 
 1.12979591e+00 -2.04385513e-05 -1.98750515e-09 
 1.13240036e+00 -2.04385513e-05 -1.99208682e-09 
 1.13501082e+00 -2.04385513e-05 -1.99667906e-09 
 1.13762729e+00 -2.04385513e-05 -2.00128188e-09 
 1.14024979e+00 -2.04385513e-05 -2.00589531e-09 
 1.14287833e+00 -2.04385513e-05 -2.01051937e-09 
 1.14551294e+00 -2.04385513e-05 -2.01515410e-09 
 1.14815362e+00 -2.04385513e-05 -2.01979951e-09 
 1.15080039e+00 -2.04385513e-05 -2.02445563e-09 
 1.15345326e+00 -2.04385513e-05 -2.02912248e-09 
 1.15611224e+00 -2.04385513e-05 -2.03380009e-09 
 1.15877736e+00 -2.04385513e-05 -2.03848849e-09 
 1.16144861e+00 -2.04385513e-05 -2.04318769e-09 
 1.16412603e+00 -2.04385513e-05 -2.04789772e-09 
 1.16680962e+00 -2.04385513e-05 -2.05261861e-09 
 1.16949939e+00 -2.04385513e-05 -2.05735039e-09 
 1.17219537e+00 -2.04385513e-05 -2.06209307e-09 
 1.17489755e+00 -2.04385513e-05 -2.06684669e-09 
 1.17760597e+00 -2.04385513e-05 -2.07161126e-09 
 1.18032064e+00 -2.04385513e-05 -2.07638682e-09 
 1.18304156e+00 -2.04385513e-05 -2.08117338e-09 
 1.18576875e+00 -2.04385513e-05 -2.08597098e-09 
 1.18850223e+00 -2.04385513e-05 -2.09077964e-09 
 1.19124201e+00 -2.04385513e-05 -2.09559939e-09 
 1.19398810e+00 -2.04385513e-05 -2.10043024e-09 
 1.19674053e+00 -2.04385513e-05 -2.10527223e-09 
 1.19949930e+00 -2.04385513e-05 -2.11012539e-09 
 1.20226443e+00 -2.04385513e-05 -2.11498973e-09 
 1.20503594e+00 -2.04385513e-05 -2.11986528e-09 
 1.20781384e+00 -2.04385513e-05 -2.12475208e-09 
 1.21059813e+00 -2.04385513e-05 -2.12965014e-09 
 1.21338885e+00 -2.04385513e-05 -2.13455949e-09 
 1.21618600e+00 -2.04385513e-05 -2.13948016e-09 
 1.21898960e+00 -2.04385513e-05 -2.14441217e-09 
 1.22179966e+00 -2.04385513e-05 -2.14935555e-09 
 1.22461620e+00 -2.04385513e-05 -2.15431032e-09 
 1.22743923e+00 -2.04385513e-05 -2.15927652e-09 
 1.23026877e+00 -2.04385513e-05 -2.16425417e-09 
 1.23310483e+00 -2.04385513e-05 -2.16924329e-09 
 1.23594743e+00 -2.04385513e-05 -2.17424391e-09 
 1.23879659e+00 -2.04385513e-05 -2.17925606e-09 
 1.24165231e+00 -2.04385513e-05 -2.18427977e-09 
 1.24451461e+00 -2.04385513e-05 -2.18931505e-09 
 1.24738351e+00 -2.04385513e-05 -2.19436194e-09 
 1.25025903e+00 -2.04385513e-05 -2.19942047e-09 
 1.25314117e+00 -2.04385513e-05 -2.20449066e-09 
 1.25602996e+00 -2.04385513e-05 -2.20957253e-09 
 1.25892541e+00 -2.04385513e-05 -2.21466612e-09 
 1.26182753e+00 -2.04385513e-05 -2.21977146e-09 
 1.26473635e+00 -2.04385513e-05 -2.22488856e-09 
 1.26765187e+00 -2.04385513e-05 -2.23001746e-09 
 1.27057411e+00 -2.04385513e-05 -2.23515818e-09 
 1.27350308e+00 -2.04385513e-05 -2.24031075e-09 
 1.27643881e+00 -2.04385513e-05 -2.24547520e-09 
 1.27938130e+00 -2.04385513e-05 -2.25065155e-09 
 1.28233058e+00 -2.04385513e-05 -2.25583984e-09 
 1.28528666e+00 -2.04385513e-05 -2.26104009e-09 
 1.28824955e+00 -2.04385513e-05 -2.26625232e-09 
 1.29121927e+00 -2.04385513e-05 -2.27147658e-09 
 1.29419584e+00 -2.04385513e-05 -2.27671287e-09 
 1.29717927e+00 -2.04385513e-05 -2.28196124e-09 
 1.30016958e+00 -2.04385513e-05 -2.28722170e-09 
 1.30316678e+00 -2.04385513e-05 -2.29249429e-09 
 1.30617089e+00 -2.04385513e-05 -2.29777904e-09 
 1.30918192e+00 -2.04385513e-05 -2.30307596e-09 
 1.31219990e+00 -2.04385513e-05 -2.30838510e-09 
 1.31522483e+00 -2.04385513e-05 -2.31370648e-09 
 1.31825674e+00 -2.04385513e-05 -2.31904012e-09 
 1.32129563e+00 -2.04385513e-05 -2.32438606e-09 
 1.32434154e+00 -2.04385513e-05 -2.32974433e-09 
 1.32739446e+00 -2.04385513e-05 -2.33511494e-09 
 1.33045442e+00 -2.04385513e-05 -2.34049794e-09 
 1.33352143e+00 -2.04385513e-05 -2.34589334e-09 
 1.33659552e+00 -2.04385513e-05 -2.35130118e-09 
 1.33967669e+00 -2.04385513e-05 -2.35672149e-09 
 1.34276496e+00 -2.04385513e-05 -2.36215430e-09 
 1.34586035e+00 -2.04385513e-05 -2.36759963e-09 
 1.34896288e+00 -2.04385513e-05 -2.37305751e-09 
 1.35207256e+00 -2.04385513e-05 -2.37852797e-09 
 1.35518941e+00 -2.04385513e-05 -2.38401104e-09 
 1.35831345e+00 -2.04385513e-05 -2.38950676e-09 
 1.36144468e+00 -2.04385513e-05 -2.39501514e-09 
 1.36458314e+00 -2.04385513e-05 -2.40053622e-09 
 1.36772883e+00 -2.04385513e-05 -2.40607002e-09 
 1.37088177e+00 -2.04385513e-05 -2.41161659e-09 
 1.37404198e+00 -2.04385513e-05 -2.41717594e-09 
 1.37720947e+00 -2.04385513e-05 -2.42274811e-09 
 1.38038426e+00 -2.04385513e-05 -2.42833312e-09 
 1.38356638e+00 -2.04385513e-05 -2.43393100e-09 
 1.38675583e+00 -2.04385513e-05 -2.43954179e-09 
 1.38995263e+00 -2.04385513e-05 -2.44516552e-09 
 1.39315680e+00 -2.04385513e-05 -2.45080221e-09 
 1.39636836e+00 -2.04385513e-05 -2.45645189e-09 
 1.39958732e+00 -2.04385513e-05 -2.46211460e-09 
 1.40281370e+00 -2.04385513e-05 -2.46779036e-09 
 1.40604752e+00 -2.04385513e-05 -2.47347920e-09 
 1.40928880e+00 -2.04385513e-05 -2.47918116e-09 
 1.41253754e+00 -2.04385513e-05 -2.48489626e-09 
 1.41579378e+00 -2.04385513e-05 -2.49062454e-09 
 1.41905752e+00 -2.04385513e-05 -2.49636602e-09 
 1.42232879e+00 -2.04385513e-05 -2.50212074e-09 
 1.42560759e+00 -2.04385513e-05 -2.50788872e-09 
 1.42889396e+00 -2.04385513e-05 -2.51367000e-09 
 1.43218790e+00 -2.04385513e-05 -2.51946461e-09 
 1.43548943e+00 -2.04385513e-05 -2.52527258e-09 
 1.43879858e+00 -2.04385513e-05 -2.53109393e-09 
 1.44211535e+00 -2.04385513e-05 -2.53692871e-09 
 1.44543977e+00 -2.04385513e-05 -2.54277693e-09 
 1.44877185e+00 -2.04385513e-05 -2.54863864e-09 
 1.45211162e+00 -2.04385513e-05 -2.55451386e-09 
 1.45545908e+00 -2.04385513e-05 -2.56040262e-09 
 1.45881426e+00 -2.04385513e-05 -2.56630496e-09 
 1.46217717e+00 -2.04385513e-05 -2.57222090e-09 
 1.46554784e+00 -2.04385513e-05 -2.57815048e-09 
 1.46892628e+00 -2.04385513e-05 -2.58409373e-09 
 1.47231250e+00 -2.04385513e-05 -2.59005068e-09 
 1.47570653e+00 -2.04385513e-05 -2.59602137e-09 
 1.47910839e+00 -2.04385513e-05 -2.60200581e-09 
 1.48251809e+00 -2.04385513e-05 -2.60800406e-09 
 1.48593564e+00 -2.04385513e-05 -2.61401613e-09 
 1.48936108e+00 -2.04385513e-05 -2.62004206e-09 
 1.49279441e+00 -2.04385513e-05 -2.62608188e-09 
 1.49623566e+00 -2.04385513e-05 -2.63213562e-09 
 1.49968484e+00 -2.04385513e-05 -2.63820332e-09 
 1.50314197e+00 -2.04385513e-05 -2.64428501e-09 
 1.50660707e+00 -2.04385513e-05 -2.65038071e-09 
 1.51008015e+00 -2.04385513e-05 -2.65649047e-09 
 1.51356125e+00 -2.04385513e-05 -2.66261432e-09 
 1.51705037e+00 -2.04385513e-05 -2.66875228e-09 
 1.52054753e+00 -2.04385513e-05 -2.67490438e-09 
 1.52405275e+00 -2.04385513e-05 -2.68107068e-09 
 1.52756606e+00 -2.04385513e-05 -2.68725118e-09 
 1.53108746e+00 -2.04385513e-05 -2.69344594e-09 
 1.53461698e+00 -2.04385513e-05 -2.69965497e-09 
 1.53815464e+00 -2.04385513e-05 -2.70587832e-09 
 1.54170045e+00 -2.04385513e-05 -2.71211601e-09 
 1.54525444e+00 -2.04385513e-05 -2.71836808e-09 
 1.54881662e+00 -2.04385513e-05 -2.72463457e-09 
 1.55238701e+00 -2.04385513e-05 -2.73091550e-09 
 1.55596563e+00 -2.04385513e-05 -2.73721091e-09 
 1.55955250e+00 -2.04385513e-05 -2.74352083e-09 
 1.56314764e+00 -2.04385513e-05 -2.74984530e-09 
 1.56675107e+00 -2.04385513e-05 -2.75618435e-09 
 1.57036280e+00 -2.04385513e-05 -2.76253801e-09 
 1.57398286e+00 -2.04385513e-05 -2.76890632e-09 
 1.57761127e+00 -2.04385513e-05 -2.77528931e-09 
 1.58124804e+00 -2.04385513e-05 -2.78168701e-09 
 1.58489319e+00 -2.04385513e-05 -2.78809946e-09 
 1.58854675e+00 -2.04385513e-05 -2.79452670e-09 
 1.59220873e+00 -2.04385513e-05 -2.80096874e-09 
 1.59587915e+00 -2.04385513e-05 -2.80742564e-09 
 1.59955803e+00 -2.04385513e-05 -2.81389743e-09 
 1.60324539e+00 -2.04385513e-05 -2.82038413e-09 
 1.60694125e+00 -2.04385513e-05 -2.82688579e-09 
 1.61064564e+00 -2.04385513e-05 -2.83340243e-09 
 1.61435856e+00 -2.04385513e-05 -2.83993410e-09 
 1.61808004e+00 -2.04385513e-05 -2.84648083e-09 
 1.62181010e+00 -2.04385513e-05 -2.85304264e-09 
 1.62554876e+00 -2.04385513e-05 -2.85961958e-09 
 1.62929603e+00 -2.04385513e-05 -2.86621169e-09 
 1.63305195e+00 -2.04385513e-05 -2.87281899e-09 
 1.63681652e+00 -2.04385513e-05 -2.87944152e-09 
 1.64058977e+00 -2.04385513e-05 -2.88607932e-09 
 1.64437172e+00 -2.04385513e-05 -2.89273242e-09 
 1.64816239e+00 -2.04385513e-05 -2.89940086e-09 
 1.65196180e+00 -2.04385513e-05 -2.90608466e-09 
 1.65576996e+00 -2.04385513e-05 -2.91278388e-09 
 1.65958691e+00 -2.04385513e-05 -2.91949854e-09 
 1.66341265e+00 -2.04385513e-05 -2.92622868e-09 
 1.66724721e+00 -2.04385513e-05 -2.93297433e-09 
 1.67109061e+00 -2.04385513e-05 -2.93973554e-09 
 1.67494288e+00 -2.04385513e-05 -2.94651233e-09 
 1.67880402e+00 -2.04385513e-05 -2.95330474e-09 
 1.68267406e+00 -2.04385513e-05 -2.96011281e-09 
 1.68655303e+00 -2.04385513e-05 -2.96693658e-09 
 1.69044093e+00 -2.04385513e-05 -2.97377607e-09 
 1.69433780e+00 -2.04385513e-05 -2.98063133e-09 
 1.69824365e+00 -2.04385513e-05 -2.98750240e-09 
 1.70215851e+00 -2.04385513e-05 -2.99438930e-09 
 1.70608239e+00 -2.04385513e-05 -3.00129208e-09 
 1.71001532e+00 -2.04385513e-05 -3.00821078e-09 
 1.71395731e+00 -2.04385513e-05 -3.01514542e-09 
 1.71790839e+00 -2.04385513e-05 -3.02209605e-09 
 1.72186857e+00 -2.04385513e-05 -3.02906270e-09 
 1.72583789e+00 -2.04385513e-05 -3.03604541e-09 
 1.72981636e+00 -2.04385513e-05 -3.04304422e-09 
 1.73380400e+00 -2.04385513e-05 -3.05005916e-09 
 1.73780083e+00 -2.04385513e-05 -3.05709027e-09 
 1.74180687e+00 -2.04385513e-05 -3.06413759e-09 
 1.74582215e+00 -2.04385513e-05 -3.07120116e-09 
 1.74984669e+00 -2.04385513e-05 -3.07828101e-09 
 1.75388050e+00 -2.04385513e-05 -3.08537718e-09 
 1.75792361e+00 -2.04385513e-05 -3.09248971e-09 
 1.76197605e+00 -2.04385513e-05 -3.09961863e-09 
 1.76603782e+00 -2.04385513e-05 -3.10676399e-09 
 1.77010896e+00 -2.04385513e-05 -3.11392582e-09 
 1.77418948e+00 -2.04385513e-05 -3.12110416e-09 
 1.77827941e+00 -2.04385513e-05 -3.12829905e-09 
 1.78237877e+00 -2.04385513e-05 -3.13551052e-09 
 1.78648757e+00 -2.04385513e-05 -3.14273862e-09 
 1.79060585e+00 -2.04385513e-05 -3.14998338e-09 
 1.79473363e+00 -2.04385513e-05 -3.15724484e-09 
 1.79887092e+00 -2.04385513e-05 -3.16452304e-09 
 1.80301774e+00 -2.04385513e-05 -3.17181802e-09 
 1.80717413e+00 -2.04385513e-05 -3.17912982e-09 
 1.81134009e+00 -2.04385513e-05 -3.18645847e-09 
 1.81551566e+00 -2.04385513e-05 -3.19380402e-09 
 1.81970086e+00 -2.04385513e-05 -3.20116649e-09 
 1.82389570e+00 -2.04385513e-05 -3.20854595e-09 
 1.82810022e+00 -2.04385513e-05 -3.21594241e-09 
 1.83231442e+00 -2.04385513e-05 -3.22335592e-09 
 1.83653834e+00 -2.04385513e-05 -3.23078652e-09 
 1.84077200e+00 -2.04385513e-05 -3.23823426e-09 
 1.84501542e+00 -2.04385513e-05 -3.24569916e-09 
 1.84926862e+00 -2.04385513e-05 -3.25318127e-09 
 1.85353162e+00 -2.04385513e-05 -3.26068062e-09 
 1.85780446e+00 -2.04385513e-05 -3.26819727e-09 
 1.86208714e+00 -2.04385513e-05 -3.27573124e-09 
 1.86637969e+00 -2.04385513e-05 -3.28328258e-09 
 1.87068214e+00 -2.04385513e-05 -3.29085133e-09 
 1.87499451e+00 -2.04385513e-05 -3.29843753e-09 
 1.87931682e+00 -2.04385513e-05 -3.30604121e-09 
 1.88364909e+00 -2.04385513e-05 -3.31366242e-09 
 1.88799135e+00 -2.04385513e-05 -3.32130120e-09 
 1.89234362e+00 -2.04385513e-05 -3.32895759e-09 
 1.89670592e+00 -2.04385513e-05 -3.33663163e-09 
 1.90107828e+00 -2.04385513e-05 -3.34432336e-09 
 1.90546072e+00 -2.04385513e-05 -3.35203282e-09 
 1.90985326e+00 -2.04385513e-05 -3.35976006e-09 
 1.91425593e+00 -2.04385513e-05 -3.36750510e-09 
 1.91866874e+00 -2.04385513e-05 -3.37526801e-09 
 1.92309173e+00 -2.04385513e-05 -3.38304880e-09 
 1.92752491e+00 -2.04385513e-05 -3.39084753e-09 
 1.93196832e+00 -2.04385513e-05 -3.39866425e-09 
 1.93642196e+00 -2.04385513e-05 -3.40649898e-09 
 1.94088588e+00 -2.04385513e-05 -3.41435177e-09 
 1.94536008e+00 -2.04385513e-05 -3.42222266e-09 
 1.94984460e+00 -2.04385513e-05 -3.43011170e-09 
 1.95433946e+00 -2.04385513e-05 -3.43801892e-09 
 1.95884467e+00 -2.04385513e-05 -3.44594437e-09 
 1.96336028e+00 -2.04385513e-05 -3.45388810e-09 
 1.96788629e+00 -2.04385513e-05 -3.46185013e-09 
 1.97242274e+00 -2.04385513e-05 -3.46983052e-09 
 1.97696964e+00 -2.04385513e-05 -3.47782931e-09 
 1.98152703e+00 -2.04385513e-05 -3.48584653e-09 
 1.98609492e+00 -2.04385513e-05 -3.49388224e-09 
 1.99067334e+00 -2.04385513e-05 -3.50193647e-09 
 1.99526231e+00 -2.04385513e-05 -3.51000926e-09 
 1.99986187e+00 -2.04385513e-05 -3.51810067e-09 
 2.00447203e+00 -2.04385513e-05 -3.52621073e-09 
 2.00909281e+00 -2.04385513e-05 -3.53433949e-09 
 2.01372425e+00 -2.04385513e-05 -3.54248698e-09 
 2.01836636e+00 -2.04385513e-05 -3.55065326e-09 
 2.02301918e+00 -2.04385513e-05 -3.55883836e-09 
 2.02768272e+00 -2.04385513e-05 -3.56704233e-09 
 2.03235701e+00 -2.04385513e-05 -3.57526521e-09 
 2.03704208e+00 -2.04385513e-05 -3.58350705e-09 
 2.04173794e+00 -2.04385513e-05 -3.59176788e-09 
 2.04644464e+00 -2.04385513e-05 -3.60004776e-09 
 2.05116218e+00 -2.04385513e-05 -3.60834673e-09 
 2.05589060e+00 -2.04385513e-05 -3.61666483e-09 
 2.06062991e+00 -2.04385513e-05 -3.62500210e-09 
 2.06538016e+00 -2.04385513e-05 -3.63335859e-09 
 2.07014135e+00 -2.04385513e-05 -3.64173435e-09 
 2.07491352e+00 -2.04385513e-05 -3.65012942e-09 
 2.07969669e+00 -2.04385513e-05 -3.65854383e-09 
 2.08449088e+00 -2.04385513e-05 -3.66697765e-09 
 2.08929613e+00 -2.04385513e-05 -3.67543090e-09 
 2.09411246e+00 -2.04385513e-05 -3.68390365e-09 
 2.09893988e+00 -2.04385513e-05 -3.69239592e-09 
 2.10377844e+00 -2.04385513e-05 -3.70090777e-09 
 2.10862815e+00 -2.04385513e-05 -3.70943925e-09 
 2.11348904e+00 -2.04385513e-05 -3.71799039e-09 
 2.11836114e+00 -2.04385513e-05 -3.72656124e-09 
 2.12324446e+00 -2.04385513e-05 -3.73515185e-09 
 2.12813905e+00 -2.04385513e-05 -3.74376227e-09 
 2.13304491e+00 -2.04385513e-05 -3.75239253e-09 
 2.13796209e+00 -2.04385513e-05 -3.76104269e-09 
 2.14289060e+00 -2.04385513e-05 -3.76971279e-09 
 2.14783047e+00 -2.04385513e-05 -3.77840287e-09 
 2.15278173e+00 -2.04385513e-05 -3.78711299e-09 
 2.15774441e+00 -2.04385513e-05 -3.79584319e-09 
 2.16271852e+00 -2.04385513e-05 -3.80459351e-09 
 2.16770410e+00 -2.04385513e-05 -3.81336400e-09 
 2.17270118e+00 -2.04385513e-05 -3.82215471e-09 
 2.17770977e+00 -2.04385513e-05 -3.83096569e-09 
 2.18272991e+00 -2.04385513e-05 -3.83979698e-09 
 2.18776162e+00 -2.04385513e-05 -3.84864863e-09 
 2.19280494e+00 -2.04385513e-05 -3.85752068e-09 
 2.19785987e+00 -2.04385513e-05 -3.86641318e-09 
 2.20292646e+00 -2.04385513e-05 -3.87532618e-09 
 2.20800473e+00 -2.04385513e-05 -3.88425973e-09 
 2.21309471e+00 -2.04385513e-05 -3.89321388e-09 
 2.21819642e+00 -2.04385513e-05 -3.90218866e-09 
 2.22330989e+00 -2.04385513e-05 -3.91118414e-09 
 2.22843515e+00 -2.04385513e-05 -3.92020035e-09 
 2.23357222e+00 -2.04385513e-05 -3.92923734e-09 
 2.23872114e+00 -2.04385513e-05 -3.93829517e-09 
 2.24388192e+00 -2.04385513e-05 -3.94737388e-09 
 2.24905461e+00 -2.04385513e-05 -3.95647351e-09 
 2.25423921e+00 -2.04385513e-05 -3.96559413e-09 
 2.25943577e+00 -2.04385513e-05 -3.97473577e-09 
 2.26464431e+00 -2.04385513e-05 -3.98389848e-09 
 2.26986485e+00 -2.04385513e-05 -3.99308231e-09 
 2.27509743e+00 -2.04385513e-05 -4.00228732e-09 
 2.28034207e+00 -2.04385513e-05 -4.01151354e-09 
 2.28559880e+00 -2.04385513e-05 -4.02076104e-09 
 2.29086765e+00 -2.04385513e-05 -4.03002985e-09 
 2.29614865e+00 -2.04385513e-05 -4.03932003e-09 
 2.30144182e+00 -2.04385513e-05 -4.04863162e-09 
 2.30674719e+00 -2.04385513e-05 -4.05796468e-09 
 2.31206479e+00 -2.04385513e-05 -4.06731925e-09 
 2.31739465e+00 -2.04385513e-05 -4.07669539e-09 
 2.32273680e+00 -2.04385513e-05 -4.08609315e-09 
 2.32809126e+00 -2.04385513e-05 -4.09551256e-09 
 2.33345806e+00 -2.04385513e-05 -4.10495370e-09 
 2.33883724e+00 -2.04385513e-05 -4.11441659e-09 
 2.34422882e+00 -2.04385513e-05 -4.12390130e-09 
 2.34963282e+00 -2.04385513e-05 -4.13340788e-09 
 2.35504928e+00 -2.04385513e-05 -4.14293637e-09 
 2.36047823e+00 -2.04385513e-05 -4.15248682e-09 
 2.36591970e+00 -2.04385513e-05 -4.16205929e-09 
 2.37137371e+00 -2.04385513e-05 -4.17165383e-09 
 2.37684029e+00 -2.04385513e-05 -4.18127048e-09 
 2.38231947e+00 -2.04385513e-05 -4.19090931e-09 
 2.38781128e+00 -2.04385513e-05 -4.20057035e-09 
 2.39331576e+00 -2.04385513e-05 -4.21025367e-09 
 2.39883292e+00 -2.04385513e-05 -4.21995930e-09 
 2.40436280e+00 -2.04385513e-05 -4.22968731e-09 
 2.40990543e+00 -2.04385513e-05 -4.23943775e-09 
 2.41546083e+00 -2.04385513e-05 -4.24921066e-09 
 2.42102905e+00 -2.04385513e-05 -4.25900611e-09 
 2.42661010e+00 -2.04385513e-05 -4.26882413e-09 
 2.43220401e+00 -2.04385513e-05 -4.27866478e-09 
 2.43781082e+00 -2.04385513e-05 -4.28852813e-09 
 2.44343055e+00 -2.04385513e-05 -4.29841420e-09 
 2.44906324e+00 -2.04385513e-05 -4.30832307e-09 
 2.45470892e+00 -2.04385513e-05 -4.31825478e-09 
 2.46036760e+00 -2.04385513e-05 -4.32820939e-09 
 2.46603934e+00 -2.04385513e-05 -4.33818694e-09 
 2.47172415e+00 -2.04385513e-05 -4.34818749e-09 
 2.47742206e+00 -2.04385513e-05 -4.35821110e-09 
 2.48313311e+00 -2.04385513e-05 -4.36825782e-09 
 2.48885732e+00 -2.04385513e-05 -4.37832769e-09 
 2.49459473e+00 -2.04385513e-05 -4.38842078e-09 
 2.50034536e+00 -2.04385513e-05 -4.39853713e-09 
 2.50610925e+00 -2.04385513e-05 -4.40867681e-09 
 2.51188643e+00 -2.04385513e-05 -4.41883986e-09 
 2.51767693e+00 -2.04385513e-05 -4.42902634e-09 
 2.52348077e+00 -2.04385513e-05 -4.43923630e-09 
 2.52929800e+00 -2.04385513e-05 -4.44946979e-09 
 2.53512863e+00 -2.04385513e-05 -4.45972688e-09 
 2.54097271e+00 -2.04385513e-05 -4.47000761e-09 
 2.54683025e+00 -2.04385513e-05 -4.48031204e-09 
 2.55270130e+00 -2.04385513e-05 -4.49064023e-09 
 2.55858589e+00 -2.04385513e-05 -4.50099222e-09 
 2.56448404e+00 -2.04385513e-05 -4.51136808e-09 
 2.57039578e+00 -2.04385513e-05 -4.52176786e-09 
 2.57632116e+00 -2.04385513e-05 -4.53219161e-09 
 2.58226019e+00 -2.04385513e-05 -4.54263939e-09 
 2.58821292e+00 -2.04385513e-05 -4.55311126e-09 
 2.59417936e+00 -2.04385513e-05 -4.56360726e-09 
 2.60015956e+00 -2.04385513e-05 -4.57412746e-09 
 2.60615355e+00 -2.04385513e-05 -4.58467192e-09 
 2.61216135e+00 -2.04385513e-05 -4.59524068e-09 
 2.61818301e+00 -2.04385513e-05 -4.60583380e-09 
 2.62421854e+00 -2.04385513e-05 -4.61645134e-09 
 2.63026799e+00 -2.04385513e-05 -4.62709336e-09 
 2.63633139e+00 -2.04385513e-05 -4.63775992e-09 
 2.64240876e+00 -2.04385513e-05 -4.64845106e-09 
 2.64850014e+00 -2.04385513e-05 -4.65916684e-09 
 2.65460556e+00 -2.04385513e-05 -4.66990733e-09 
 2.66072506e+00 -2.04385513e-05 -4.68067258e-09 
 2.66685866e+00 -2.04385513e-05 -4.69146264e-09 
 2.67300641e+00 -2.04385513e-05 -4.70227758e-09 
 2.67916832e+00 -2.04385513e-05 -4.71311745e-09 
 2.68534445e+00 -2.04385513e-05 -4.72398231e-09 
 2.69153480e+00 -2.04385513e-05 -4.73487221e-09 
 2.69773943e+00 -2.04385513e-05 -4.74578722e-09 
 2.70395836e+00 -2.04385513e-05 -4.75672739e-09 
 2.71019163e+00 -2.04385513e-05 -4.76769278e-09 
 2.71643927e+00 -2.04385513e-05 -4.77868345e-09 
 2.72270131e+00 -2.04385513e-05 -4.78969945e-09 
 2.72897778e+00 -2.04385513e-05 -4.80074085e-09 
 2.73526873e+00 -2.04385513e-05 -4.81180770e-09 
 2.74157417e+00 -2.04385513e-05 -4.82290006e-09 
 2.74789415e+00 -2.04385513e-05 -4.83401799e-09 
 2.75422870e+00 -2.04385513e-05 -4.84516156e-09 
 2.76057786e+00 -2.04385513e-05 -4.85633081e-09 
 2.76694165e+00 -2.04385513e-05 -4.86752581e-09 
 2.77332010e+00 -2.04385513e-05 -4.87874661e-09 
 2.77971327e+00 -2.04385513e-05 -4.88999328e-09 
 2.78612117e+00 -2.04385513e-05 -4.90126588e-09 
 2.79254384e+00 -2.04385513e-05 -4.91256447e-09 
 2.79898132e+00 -2.04385513e-05 -4.92388910e-09 
 2.80543364e+00 -2.04385513e-05 -4.93523983e-09 
 2.81190083e+00 -2.04385513e-05 -4.94661674e-09 
 2.81838293e+00 -2.04385513e-05 -4.95801987e-09 
 2.82487997e+00 -2.04385513e-05 -4.96944928e-09 
 2.83139200e+00 -2.04385513e-05 -4.98090505e-09 
 2.83791903e+00 -2.04385513e-05 -4.99238722e-09 
 2.84446111e+00 -2.04385513e-05 -5.00389586e-09 
 2.85101827e+00 -2.04385513e-05 -5.01543103e-09 
 2.85759054e+00 -2.04385513e-05 -5.02699279e-09 
 2.86417797e+00 -2.04385513e-05 -5.03858121e-09 
 2.87078058e+00 -2.04385513e-05 -5.05019634e-09 
 2.87739841e+00 -2.04385513e-05 -5.06183824e-09 
 2.88403150e+00 -2.04385513e-05 -5.07350699e-09 
 2.89067988e+00 -2.04385513e-05 -5.08520263e-09 
 2.89734359e+00 -2.04385513e-05 -5.09692523e-09 
 2.90402265e+00 -2.04385513e-05 -5.10867486e-09 
 2.91071712e+00 -2.04385513e-05 -5.12045157e-09 
 2.91742701e+00 -2.04385513e-05 -5.13225543e-09 
 2.92415238e+00 -2.04385513e-05 -5.14408650e-09 
 2.93089325e+00 -2.04385513e-05 -5.15594484e-09 
 2.93764965e+00 -2.04385513e-05 -5.16783052e-09 
 2.94442163e+00 -2.04385513e-05 -5.17974360e-09 
 2.95120923e+00 -2.04385513e-05 -5.19168414e-09 
 2.95801247e+00 -2.04385513e-05 -5.20365221e-09 
 2.96483139e+00 -2.04385513e-05 -5.21564787e-09 
 2.97166603e+00 -2.04385513e-05 -5.22767118e-09 
 2.97851643e+00 -2.04385513e-05 -5.23972221e-09 
 2.98538262e+00 -2.04385513e-05 -5.25180101e-09 
 2.99226464e+00 -2.04385513e-05 -5.26390767e-09 
 2.99916252e+00 -2.04385513e-05 -5.27604223e-09 
 3.00607630e+00 -2.04385513e-05 -5.28820476e-09 
 3.01300602e+00 -2.04385513e-05 -5.30039533e-09 
 3.01995172e+00 -2.04385513e-05 -5.31261400e-09 
 3.02691343e+00 -2.04385513e-05 -5.32486084e-09 
 3.03389118e+00 -2.04385513e-05 -5.33713592e-09 
 3.04088503e+00 -2.04385513e-05 -5.34943928e-09 
 3.04789499e+00 -2.04385513e-05 -5.36177102e-09 
 3.05492111e+00 -2.04385513e-05 -5.37413117e-09 
 3.06196343e+00 -2.04385513e-05 -5.38651983e-09 
 3.06902199e+00 -2.04385513e-05 -5.39893704e-09 
 3.07609681e+00 -2.04385513e-05 -5.41138287e-09 
 3.08318795e+00 -2.04385513e-05 -5.42385740e-09 
 3.09029543e+00 -2.04385513e-05 -5.43636068e-09 
 3.09741930e+00 -2.04385513e-05 -5.44889279e-09 
 3.10455959e+00 -2.04385513e-05 -5.46145378e-09 
 3.11171634e+00 -2.04385513e-05 -5.47404373e-09 
 3.11888958e+00 -2.04385513e-05 -5.48666271e-09 
 3.12607937e+00 -2.04385513e-05 -5.49931077e-09 
 3.13328572e+00 -2.04385513e-05 -5.51198799e-09 
 3.14050869e+00 -2.04385513e-05 -5.52469443e-09 
 3.14774831e+00 -2.04385513e-05 -5.53743017e-09 
 3.15500462e+00 -2.04385513e-05 -5.55019527e-09 
 3.16227766e+00 -2.04385513e-05 -5.56298979e-09 
 3.16956746e+00 -2.04385513e-05 -5.57581380e-09 
 3.17687407e+00 -2.04385513e-05 -5.58866738e-09 
 3.18419752e+00 -2.04385513e-05 -5.60155059e-09 
 3.19153786e+00 -2.04385513e-05 -5.61446350e-09 
 3.19889511e+00 -2.04385513e-05 -5.62740617e-09 
 3.20626932e+00 -2.04385513e-05 -5.64037868e-09 
 3.21366054e+00 -2.04385513e-05 -5.65338110e-09 
 3.22106879e+00 -2.04385513e-05 -5.66641349e-09 
 3.22849412e+00 -2.04385513e-05 -5.67947592e-09 
 3.23593657e+00 -2.04385513e-05 -5.69256847e-09 
 3.24339617e+00 -2.04385513e-05 -5.70569119e-09 
 3.25087297e+00 -2.04385513e-05 -5.71884417e-09 
 3.25836701e+00 -2.04385513e-05 -5.73202747e-09 
 3.26587832e+00 -2.04385513e-05 -5.74524115e-09 
 3.27340695e+00 -2.04385513e-05 -5.75848530e-09 
 3.28095293e+00 -2.04385513e-05 -5.77175998e-09 
 3.28851631e+00 -2.04385513e-05 -5.78506526e-09 
 3.29609712e+00 -2.04385513e-05 -5.79840121e-09 
 3.30369541e+00 -2.04385513e-05 -5.81176791e-09 
 3.31131121e+00 -2.04385513e-05 -5.82516542e-09 
 3.31894458e+00 -2.04385513e-05 -5.83859381e-09 
 3.32659553e+00 -2.04385513e-05 -5.85205316e-09 
 3.33426413e+00 -2.04385513e-05 -5.86554354e-09 
 3.34195040e+00 -2.04385513e-05 -5.87906501e-09 
 3.34965439e+00 -2.04385513e-05 -5.89261766e-09 
 3.35737614e+00 -2.04385513e-05 -5.90620154e-09 
 3.36511569e+00 -2.04385513e-05 -5.91981674e-09 
 3.37287309e+00 -2.04385513e-05 -5.93346333e-09 
 3.38064836e+00 -2.04385513e-05 -5.94714138e-09 
 3.38844156e+00 -2.04385513e-05 -5.96085095e-09 
 3.39625273e+00 -2.04385513e-05 -5.97459213e-09 
 3.40408190e+00 -2.04385513e-05 -5.98836499e-09 
 3.41192912e+00 -2.04385513e-05 -6.00216960e-09 
 3.41979443e+00 -2.04385513e-05 -6.01600603e-09 
 3.42767787e+00 -2.04385513e-05 -6.02987435e-09 
 3.43557948e+00 -2.04385513e-05 -6.04377465e-09 
 3.44349931e+00 -2.04385513e-05 -6.05770699e-09 
 3.45143739e+00 -2.04385513e-05 -6.07167145e-09 
 3.45939378e+00 -2.04385513e-05 -6.08566809e-09 
 3.46736850e+00 -2.04385513e-05 -6.09969701e-09 
 3.47536161e+00 -2.04385513e-05 -6.11375826e-09 
 3.48337315e+00 -2.04385513e-05 -6.12785193e-09 
 3.49140315e+00 -2.04385513e-05 -6.14197809e-09 
 3.49945167e+00 -2.04385513e-05 -6.15613681e-09 
 3.50751874e+00 -2.04385513e-05 -6.17032817e-09 
 3.51560441e+00 -2.04385513e-05 -6.18455225e-09 
 3.52370871e+00 -2.04385513e-05 -6.19880911e-09 
 3.53183170e+00 -2.04385513e-05 -6.21309884e-09 
 3.53997341e+00 -2.04385513e-05 -6.22742151e-09 
 3.54813389e+00 -2.04385513e-05 -6.24177720e-09 
 3.55631319e+00 -2.04385513e-05 -6.25616598e-09 
 3.56451133e+00 -2.04385513e-05 -6.27058794e-09 
 3.57272838e+00 -2.04385513e-05 -6.28504314e-09 
 3.58096437e+00 -2.04385513e-05 -6.29953166e-09 
 3.58921935e+00 -2.04385513e-05 -6.31405358e-09 
 3.59749335e+00 -2.04385513e-05 -6.32860897e-09 
 3.60578643e+00 -2.04385513e-05 -6.34319792e-09 
 3.61409863e+00 -2.04385513e-05 -6.35782050e-09 
 3.62242998e+00 -2.04385513e-05 -6.37247679e-09 
 3.63078055e+00 -2.04385513e-05 -6.38716687e-09 
 3.63915036e+00 -2.04385513e-05 -6.40189081e-09 
 3.64753947e+00 -2.04385513e-05 -6.41664869e-09 
 3.65594792e+00 -2.04385513e-05 -6.43144060e-09 
 3.66437575e+00 -2.04385513e-05 -6.44626660e-09 
 3.67282300e+00 -2.04385513e-05 -6.46112678e-09 
 3.68128974e+00 -2.04385513e-05 -6.47602121e-09 
 3.68977599e+00 -2.04385513e-05 -6.49094998e-09 
 3.69828180e+00 -2.04385513e-05 -6.50591317e-09 
 3.70680722e+00 -2.04385513e-05 -6.52091085e-09 
 3.71535229e+00 -2.04385513e-05 -6.53594310e-09 
 3.72391706e+00 -2.04385513e-05 -6.55101000e-09 
 3.73250158e+00 -2.04385513e-05 -6.56611164e-09 
 3.74110588e+00 -2.04385513e-05 -6.58124809e-09 
 3.74973002e+00 -2.04385513e-05 -6.59641944e-09 
 3.75837404e+00 -2.04385513e-05 -6.61162575e-09 
 3.76703799e+00 -2.04385513e-05 -6.62686712e-09 
 3.77572191e+00 -2.04385513e-05 -6.64214363e-09 
 3.78442585e+00 -2.04385513e-05 -6.65745535e-09 
 3.79314985e+00 -2.04385513e-05 -6.67280237e-09 
 3.80189396e+00 -2.04385513e-05 -6.68818477e-09 
 3.81065823e+00 -2.04385513e-05 -6.70360263e-09 
 3.81944271e+00 -2.04385513e-05 -6.71905603e-09 
 3.82824743e+00 -2.04385513e-05 -6.73454505e-09 
 3.83707245e+00 -2.04385513e-05 -6.75006978e-09 
 3.84591782e+00 -2.04385513e-05 -6.76563030e-09 
 3.85478358e+00 -2.04385513e-05 -6.78122669e-09 
 3.86366977e+00 -2.04385513e-05 -6.79685903e-09 
 3.87257645e+00 -2.04385513e-05 -6.81252741e-09 
 3.88150366e+00 -2.04385513e-05 -6.82823191e-09 
 3.89045145e+00 -2.04385513e-05 -6.84397261e-09 
 3.89941987e+00 -2.04385513e-05 -6.85974959e-09 
 3.90840896e+00 -2.04385513e-05 -6.87556295e-09 
 3.91741877e+00 -2.04385513e-05 -6.89141276e-09 
 3.92644935e+00 -2.04385513e-05 -6.90729911e-09 
 3.93550075e+00 -2.04385513e-05 -6.92322208e-09 
 3.94457302e+00 -2.04385513e-05 -6.93918175e-09 
 3.95366620e+00 -2.04385513e-05 -6.95517822e-09 
 3.96278034e+00 -2.04385513e-05 -6.97121156e-09 
 3.97191549e+00 -2.04385513e-05 -6.98728186e-09 
 3.98107171e+00 -2.04385513e-05 -7.00338921e-09 
 3.99024902e+00 -2.04385513e-05 -7.01953369e-09 
 3.99944750e+00 -2.04385513e-05 -7.03571538e-09 
 4.00866718e+00 -2.04385513e-05 -7.05193438e-09 
 4.01790811e+00 -2.04385513e-05 -7.06819077e-09 
 4.02717034e+00 -2.04385513e-05 -7.08448463e-09 
 4.03645393e+00 -2.04385513e-05 -7.10081606e-09 
 4.04575892e+00 -2.04385513e-05 -7.11718513e-09 
 4.05508535e+00 -2.04385513e-05 -7.13359194e-09 
 4.06443329e+00 -2.04385513e-05 -7.15003656e-09 
 4.07380278e+00 -2.04385513e-05 -7.16651910e-09 
 4.08319386e+00 -2.04385513e-05 -7.18303963e-09 
 4.09260660e+00 -2.04385513e-05 -7.19959825e-09 
 4.10204103e+00 -2.04385513e-05 -7.21619504e-09 
 4.11149721e+00 -2.04385513e-05 -7.23283008e-09 
 4.12097519e+00 -2.04385513e-05 -7.24950348e-09 
 4.13047502e+00 -2.04385513e-05 -7.26621531e-09 
 4.13999675e+00 -2.04385513e-05 -7.28296567e-09 
 4.14954043e+00 -2.04385513e-05 -7.29975464e-09 
 4.15910610e+00 -2.04385513e-05 -7.31658231e-09 
 4.16869383e+00 -2.04385513e-05 -7.33344877e-09 
 4.17830367e+00 -2.04385513e-05 -7.35035412e-09 
 4.18793565e+00 -2.04385513e-05 -7.36729844e-09 
 4.19758984e+00 -2.04385513e-05 -7.38428181e-09 
 4.20726628e+00 -2.04385513e-05 -7.40130434e-09 
 4.21696503e+00 -2.04385513e-05 -7.41836611e-09 
 4.22668614e+00 -2.04385513e-05 -7.43546721e-09 
 4.23642966e+00 -2.04385513e-05 -7.45260773e-09 
 4.24619564e+00 -2.04385513e-05 -7.46978777e-09 
 4.25598413e+00 -2.04385513e-05 -7.48700740e-09 
 4.26579519e+00 -2.04385513e-05 -7.50426674e-09 
 4.27562886e+00 -2.04385513e-05 -7.52156586e-09 
 4.28548520e+00 -2.04385513e-05 -7.53890486e-09 
 4.29536427e+00 -2.04385513e-05 -7.55628383e-09 
 4.30526610e+00 -2.04385513e-05 -7.57370286e-09 
 4.31519077e+00 -2.04385513e-05 -7.59116205e-09 
 4.32513831e+00 -2.04385513e-05 -7.60866149e-09 
 4.33510878e+00 -2.04385513e-05 -7.62620126e-09 
 4.34510224e+00 -2.04385513e-05 -7.64378147e-09 
 4.35511874e+00 -2.04385513e-05 -7.66140221e-09 
 4.36515832e+00 -2.04385513e-05 -7.67906357e-09 
 4.37522105e+00 -2.04385513e-05 -7.69676564e-09 
 4.38530698e+00 -2.04385513e-05 -7.71450851e-09 
 4.39541615e+00 -2.04385513e-05 -7.73229229e-09 
 4.40554864e+00 -2.04385513e-05 -7.75011707e-09 
 4.41570447e+00 -2.04385513e-05 -7.76798293e-09 
 4.42588372e+00 -2.04385513e-05 -7.78588998e-09 
 4.43608644e+00 -2.04385513e-05 -7.80383831e-09 
 4.44631267e+00 -2.04385513e-05 -7.82182802e-09 
 4.45656248e+00 -2.04385513e-05 -7.83985919e-09 
 4.46683592e+00 -2.04385513e-05 -7.85793193e-09 
 4.47713304e+00 -2.04385513e-05 -7.87604634e-09 
 4.48745390e+00 -2.04385513e-05 -7.89420250e-09 
 4.49779855e+00 -2.04385513e-05 -7.91240052e-09 
 4.50816705e+00 -2.04385513e-05 -7.93064048e-09 
 4.51855944e+00 -2.04385513e-05 -7.94892250e-09 
 4.52897580e+00 -2.04385513e-05 -7.96724666e-09 
 4.53941617e+00 -2.04385513e-05 -7.98561306e-09 
 4.54988060e+00 -2.04385513e-05 -8.00402180e-09 
 4.56036916e+00 -2.04385513e-05 -8.02247297e-09 
 4.57088190e+00 -2.04385513e-05 -8.04096668e-09 
 4.58141887e+00 -2.04385513e-05 -8.05950303e-09 
 4.59198013e+00 -2.04385513e-05 -8.07808210e-09 
 4.60256574e+00 -2.04385513e-05 -8.09670400e-09 
 4.61317575e+00 -2.04385513e-05 -8.11536883e-09 
 4.62381021e+00 -2.04385513e-05 -8.13407669e-09 
 4.63446920e+00 -2.04385513e-05 -8.15282767e-09 
 4.64515275e+00 -2.04385513e-05 -8.17162188e-09 
 4.65586094e+00 -2.04385513e-05 -8.19045941e-09 
 4.66659380e+00 -2.04385513e-05 -8.20934037e-09 
 4.67735141e+00 -2.04385513e-05 -8.22826486e-09 
 4.68813382e+00 -2.04385513e-05 -8.24723297e-09 
 4.69894109e+00 -2.04385513e-05 -8.26624480e-09 
 4.70977326e+00 -2.04385513e-05 -8.28530046e-09 
 4.72063041e+00 -2.04385513e-05 -8.30440006e-09 
 4.73151259e+00 -2.04385513e-05 -8.32354367e-09 
 4.74241985e+00 -2.04385513e-05 -8.34273142e-09 
 4.75335226e+00 -2.04385513e-05 -8.36196341e-09 
 4.76430987e+00 -2.04385513e-05 -8.38123972e-09 
 4.77529274e+00 -2.04385513e-05 -8.40056048e-09 
 4.78630092e+00 -2.04385513e-05 -8.41992577e-09 
 4.79733449e+00 -2.04385513e-05 -8.43933570e-09 
 4.80839348e+00 -2.04385513e-05 -8.45879038e-09 
 4.81947798e+00 -2.04385513e-05 -8.47828990e-09 
 4.83058802e+00 -2.04385513e-05 -8.49783438e-09 
 4.84172368e+00 -2.04385513e-05 -8.51742391e-09 
 4.85288500e+00 -2.04385513e-05 -8.53705860e-09 
 4.86407206e+00 -2.04385513e-05 -8.55673856e-09 
 4.87528490e+00 -2.04385513e-05 -8.57646387e-09 
 4.88652359e+00 -2.04385513e-05 -8.59623467e-09 
 4.89778819e+00 -2.04385513e-05 -8.61605103e-09 
 4.90907876e+00 -2.04385513e-05 -8.63591308e-09 
 4.92039536e+00 -2.04385513e-05 -8.65582092e-09 
 4.93173804e+00 -2.04385513e-05 -8.67577465e-09 
 4.94310687e+00 -2.04385513e-05 -8.69577437e-09 
 4.95450191e+00 -2.04385513e-05 -8.71582020e-09 
 4.96592321e+00 -2.04385513e-05 -8.73591224e-09 
 4.97737085e+00 -2.04385513e-05 -8.75605060e-09 
 4.98884487e+00 -2.04385513e-05 -8.77623538e-09 
 5.00034535e+00 -2.04385513e-05 -8.79646669e-09 
 5.01187234e+00 -2.04385513e-05 -8.81674464e-09 
 5.02342590e+00 -2.04385513e-05 -8.83706934e-09 
 5.03500609e+00 -2.04385513e-05 -8.85744089e-09 
 5.04661298e+00 -2.04385513e-05 -8.87785940e-09 
 5.05824662e+00 -2.04385513e-05 -8.89832498e-09 
 5.06990708e+00 -2.04385513e-05 -8.91883773e-09 
 5.08159443e+00 -2.04385513e-05 -8.93939778e-09 
 5.09330871e+00 -2.04385513e-05 -8.96000522e-09 
 5.10505000e+00 -2.04385513e-05 -8.98066016e-09 
 5.11681836e+00 -2.04385513e-05 -9.00136272e-09 
 5.12861384e+00 -2.04385513e-05 -9.02211301e-09 
 5.14043652e+00 -2.04385513e-05 -9.04291113e-09 
 5.15228645e+00 -2.04385513e-05 -9.06375719e-09 
 5.16416369e+00 -2.04385513e-05 -9.08465131e-09 
 5.17606832e+00 -2.04385513e-05 -9.10559359e-09 
 5.18800039e+00 -2.04385513e-05 -9.12658415e-09 
 5.19995997e+00 -2.04385513e-05 -9.14762310e-09 
 5.21194711e+00 -2.04385513e-05 -9.16871055e-09 
 5.22396189e+00 -2.04385513e-05 -9.18984661e-09 
 5.23600437e+00 -2.04385513e-05 -9.21103140e-09 
 5.24807460e+00 -2.04385513e-05 -9.23226502e-09 
 5.26017266e+00 -2.04385513e-05 -9.25354759e-09 
 5.27229861e+00 -2.04385513e-05 -9.27487922e-09 
 5.28445252e+00 -2.04385513e-05 -9.29626002e-09 
 5.29663444e+00 -2.04385513e-05 -9.31769011e-09 
 5.30884444e+00 -2.04385513e-05 -9.33916961e-09 
 5.32108259e+00 -2.04385513e-05 -9.36069862e-09 
 5.33334895e+00 -2.04385513e-05 -9.38227726e-09 
 5.34564359e+00 -2.04385513e-05 -9.40390564e-09 
 5.35796658e+00 -2.04385513e-05 -9.42558388e-09 
 5.37031796e+00 -2.04385513e-05 -9.44731210e-09 
 5.38269783e+00 -2.04385513e-05 -9.46909040e-09 
 5.39510623e+00 -2.04385513e-05 -9.49091891e-09 
 5.40754323e+00 -2.04385513e-05 -9.51279773e-09 
 5.42000890e+00 -2.04385513e-05 -9.53472700e-09 
 5.43250331e+00 -2.04385513e-05 -9.55670681e-09 
 5.44502653e+00 -2.04385513e-05 -9.57873730e-09 
 5.45757861e+00 -2.04385513e-05 -9.60081857e-09 
 5.47015963e+00 -2.04385513e-05 -9.62295074e-09 
 5.48276965e+00 -2.04385513e-05 -9.64513393e-09 
 5.49540874e+00 -2.04385513e-05 -9.66736826e-09 
 5.50807696e+00 -2.04385513e-05 -9.68965385e-09 
 5.52077439e+00 -2.04385513e-05 -9.71199081e-09 
 5.53350109e+00 -2.04385513e-05 -9.73437926e-09 
 5.54625713e+00 -2.04385513e-05 -9.75681932e-09 
 5.55904257e+00 -2.04385513e-05 -9.77931111e-09 
 5.57185749e+00 -2.04385513e-05 -9.80185475e-09 
 5.58470195e+00 -2.04385513e-05 -9.82445036e-09 
 5.59757601e+00 -2.04385513e-05 -9.84709806e-09 
 5.61047976e+00 -2.04385513e-05 -9.86979796e-09 
 5.62341325e+00 -2.04385513e-05 -9.89255020e-09 
 5.63637656e+00 -2.04385513e-05 -9.91535488e-09 
 5.64936975e+00 -2.04385513e-05 -9.93821213e-09 
 5.66239289e+00 -2.04385513e-05 -9.96112208e-09 
 5.67544605e+00 -2.04385513e-05 -9.98408484e-09 
 5.68852931e+00 -2.04385513e-05 -1.00071005e-08 
 5.70164272e+00 -2.04385513e-05 -1.00301693e-08 
 5.71478637e+00 -2.04385513e-05 -1.00532912e-08 
 5.72796031e+00 -2.04385513e-05 -1.00764664e-08 
 5.74116462e+00 -2.04385513e-05 -1.00996951e-08 
 5.75439937e+00 -2.04385513e-05 -1.01229773e-08 
 5.76766463e+00 -2.04385513e-05 -1.01463132e-08 
 5.78096047e+00 -2.04385513e-05 -1.01697028e-08 
 5.79428696e+00 -2.04385513e-05 -1.01931464e-08 
 5.80764418e+00 -2.04385513e-05 -1.02166440e-08 
 5.82103218e+00 -2.04385513e-05 -1.02401958e-08 
 5.83445104e+00 -2.04385513e-05 -1.02638019e-08 
 5.84790084e+00 -2.04385513e-05 -1.02874624e-08 
 5.86138165e+00 -2.04385513e-05 -1.03111775e-08 
 5.87489353e+00 -2.04385513e-05 -1.03349472e-08 
 5.88843655e+00 -2.04385513e-05 -1.03587717e-08 
 5.90201080e+00 -2.04385513e-05 -1.03826512e-08 
 5.91561634e+00 -2.04385513e-05 -1.04065856e-08 
 5.92925325e+00 -2.04385513e-05 -1.04305753e-08 
 5.94292159e+00 -2.04385513e-05 -1.04546203e-08 
 5.95662144e+00 -2.04385513e-05 -1.04787206e-08 
 5.97035287e+00 -2.04385513e-05 -1.05028766e-08 
 5.98411595e+00 -2.04385513e-05 -1.05270882e-08 
 5.99791076e+00 -2.04385513e-05 -1.05513557e-08 
 6.01173737e+00 -2.04385513e-05 -1.05756791e-08 
 6.02559586e+00 -2.04385513e-05 -1.06000585e-08 
 6.03948629e+00 -2.04385513e-05 -1.06244942e-08 
 6.05340875e+00 -2.04385513e-05 -1.06489862e-08 
 6.06736330e+00 -2.04385513e-05 -1.06735346e-08 
 6.08135001e+00 -2.04385513e-05 -1.06981396e-08 
 6.09536897e+00 -2.04385513e-05 -1.07228014e-08 
 6.10942025e+00 -2.04385513e-05 -1.07475200e-08 
 6.12350392e+00 -2.04385513e-05 -1.07722956e-08 
 6.13762005e+00 -2.04385513e-05 -1.07971283e-08 
 6.15176873e+00 -2.04385513e-05 -1.08220183e-08 
 6.16595002e+00 -2.04385513e-05 -1.08469656e-08 
 6.18016400e+00 -2.04385513e-05 -1.08719704e-08 
 6.19441075e+00 -2.04385513e-05 -1.08970329e-08 
 6.20869034e+00 -2.04385513e-05 -1.09221532e-08 
 6.22300285e+00 -2.04385513e-05 -1.09473313e-08 
 6.23734835e+00 -2.04385513e-05 -1.09725675e-08 
 6.25172693e+00 -2.04385513e-05 -1.09978619e-08 
 6.26613865e+00 -2.04385513e-05 -1.10232146e-08 
 6.28058359e+00 -2.04385513e-05 -1.10486257e-08 
 6.29506183e+00 -2.04385513e-05 -1.10740955e-08 
 6.30957344e+00 -2.04385513e-05 -1.10996239e-08 
 6.32411851e+00 -2.04385513e-05 -1.11252112e-08 
 6.33869711e+00 -2.04385513e-05 -1.11508574e-08 
 6.35330932e+00 -2.04385513e-05 -1.11765628e-08 
 6.36795521e+00 -2.04385513e-05 -1.12023274e-08 
 6.38263486e+00 -2.04385513e-05 -1.12281515e-08 
 6.39734835e+00 -2.04385513e-05 -1.12540350e-08 
 6.41209577e+00 -2.04385513e-05 -1.12799783e-08 
 6.42687717e+00 -2.04385513e-05 -1.13059813e-08 
 6.44169266e+00 -2.04385513e-05 -1.13320443e-08 
 6.45654229e+00 -2.04385513e-05 -1.13581673e-08 
 6.47142616e+00 -2.04385513e-05 -1.13843506e-08 
 6.48634434e+00 -2.04385513e-05 -1.14105943e-08 
 6.50129690e+00 -2.04385513e-05 -1.14368984e-08 
 6.51628394e+00 -2.04385513e-05 -1.14632632e-08 
 6.53130553e+00 -2.04385513e-05 -1.14896887e-08 
 6.54636174e+00 -2.04385513e-05 -1.15161752e-08 
 6.56145266e+00 -2.04385513e-05 -1.15427227e-08 
 6.57657837e+00 -2.04385513e-05 -1.15693314e-08 
 6.59173895e+00 -2.04385513e-05 -1.15960015e-08 
 6.60693448e+00 -2.04385513e-05 -1.16227330e-08 
 6.62216504e+00 -2.04385513e-05 -1.16495262e-08 
 6.63743070e+00 -2.04385513e-05 -1.16763811e-08 
 6.65273156e+00 -2.04385513e-05 -1.17032980e-08 
 6.66806769e+00 -2.04385513e-05 -1.17302769e-08 
 6.68343918e+00 -2.04385513e-05 -1.17573179e-08 
 6.69884609e+00 -2.04385513e-05 -1.17844214e-08 
 6.71428853e+00 -2.04385513e-05 -1.18115873e-08 
 6.72976656e+00 -2.04385513e-05 -1.18388158e-08 
 6.74528028e+00 -2.04385513e-05 -1.18661071e-08 
 6.76082975e+00 -2.04385513e-05 -1.18934613e-08 
 6.77641508e+00 -2.04385513e-05 -1.19208785e-08 
 6.79203633e+00 -2.04385513e-05 -1.19483590e-08 
 6.80769359e+00 -2.04385513e-05 -1.19759028e-08 
 6.82338694e+00 -2.04385513e-05 -1.20035101e-08 
 6.83911647e+00 -2.04385513e-05 -1.20311811e-08 
 6.85488226e+00 -2.04385513e-05 -1.20589158e-08 
 6.87068440e+00 -2.04385513e-05 -1.20867145e-08 
 6.88652296e+00 -2.04385513e-05 -1.21145772e-08 
 6.90239804e+00 -2.04385513e-05 -1.21425042e-08 
 6.91830971e+00 -2.04385513e-05 -1.21704956e-08 
 6.93425806e+00 -2.04385513e-05 -1.21985515e-08 
 6.95024318e+00 -2.04385513e-05 -1.22266720e-08 
 6.96626514e+00 -2.04385513e-05 -1.22548574e-08 
 6.98232404e+00 -2.04385513e-05 -1.22831078e-08 
 6.99841996e+00 -2.04385513e-05 -1.23114233e-08 
 7.01455298e+00 -2.04385513e-05 -1.23398040e-08 
 7.03072320e+00 -2.04385513e-05 -1.23682502e-08 
 7.04693069e+00 -2.04385513e-05 -1.23967620e-08 
 7.06317554e+00 -2.04385513e-05 -1.24253395e-08 
 7.07945784e+00 -2.04385513e-05 -1.24539828e-08 
 7.09577768e+00 -2.04385513e-05 -1.24826922e-08 
 7.11213514e+00 -2.04385513e-05 -1.25114678e-08 
 7.12853030e+00 -2.04385513e-05 -1.25403097e-08 
 7.14496326e+00 -2.04385513e-05 -1.25692181e-08 
 7.16143410e+00 -2.04385513e-05 -1.25981932e-08 
 7.17794291e+00 -2.04385513e-05 -1.26272350e-08 
 7.19448978e+00 -2.04385513e-05 -1.26563438e-08 
 7.21107479e+00 -2.04385513e-05 -1.26855197e-08 
 7.22769804e+00 -2.04385513e-05 -1.27147628e-08 
 7.24435960e+00 -2.04385513e-05 -1.27440734e-08 
 7.26105957e+00 -2.04385513e-05 -1.27734515e-08 
 7.27779805e+00 -2.04385513e-05 -1.28028973e-08 
 7.29457510e+00 -2.04385513e-05 -1.28324111e-08 
 7.31139083e+00 -2.04385513e-05 -1.28619928e-08 
 7.32824533e+00 -2.04385513e-05 -1.28916428e-08 
 7.34513868e+00 -2.04385513e-05 -1.29213611e-08 
 7.36207097e+00 -2.04385513e-05 -1.29511479e-08 
 7.37904230e+00 -2.04385513e-05 -1.29810034e-08 
 7.39605275e+00 -2.04385513e-05 -1.30109277e-08 
 7.41310241e+00 -2.04385513e-05 -1.30409210e-08 
 7.43019138e+00 -2.04385513e-05 -1.30709834e-08 
 7.44731974e+00 -2.04385513e-05 -1.31011151e-08 
 7.46448758e+00 -2.04385513e-05 -1.31313163e-08 
 7.48169501e+00 -2.04385513e-05 -1.31615871e-08 
 7.49894209e+00 -2.04385513e-05 -1.31919277e-08 
 7.51622894e+00 -2.04385513e-05 -1.32223382e-08 
 7.53355564e+00 -2.04385513e-05 -1.32528189e-08 
 7.55092228e+00 -2.04385513e-05 -1.32833698e-08 
 7.56832895e+00 -2.04385513e-05 -1.33139911e-08 
 7.58577575e+00 -2.04385513e-05 -1.33446830e-08 
 7.60326277e+00 -2.04385513e-05 -1.33754457e-08 
 7.62079010e+00 -2.04385513e-05 -1.34062793e-08 
 7.63835784e+00 -2.04385513e-05 -1.34371840e-08 
 7.65596607e+00 -2.04385513e-05 -1.34681599e-08 
 7.67361489e+00 -2.04385513e-05 -1.34992072e-08 
 7.69130440e+00 -2.04385513e-05 -1.35303261e-08 
 7.70903469e+00 -2.04385513e-05 -1.35615167e-08 
 7.72680585e+00 -2.04385513e-05 -1.35927792e-08 
 7.74461798e+00 -2.04385513e-05 -1.36241138e-08 
 7.76247117e+00 -2.04385513e-05 -1.36555206e-08 
 7.78036551e+00 -2.04385513e-05 -1.36869999e-08 
 7.79830111e+00 -2.04385513e-05 -1.37185516e-08 
 7.81627805e+00 -2.04385513e-05 -1.37501762e-08 
 7.83429643e+00 -2.04385513e-05 -1.37818736e-08 
 7.85235635e+00 -2.04385513e-05 -1.38136441e-08 
 7.87045790e+00 -2.04385513e-05 -1.38454878e-08 
 7.88860118e+00 -2.04385513e-05 -1.38774050e-08 
 7.90678628e+00 -2.04385513e-05 -1.39093957e-08 
 7.92501330e+00 -2.04385513e-05 -1.39414602e-08 
 7.94328235e+00 -2.04385513e-05 -1.39735986e-08 
 7.96159350e+00 -2.04385513e-05 -1.40058110e-08 
 7.97994687e+00 -2.04385513e-05 -1.40380978e-08 
 7.99834255e+00 -2.04385513e-05 -1.40704589e-08 
 8.01678063e+00 -2.04385513e-05 -1.41028947e-08 
 8.03526122e+00 -2.04385513e-05 -1.41354052e-08 
 8.05378441e+00 -2.04385513e-05 -1.41679907e-08 
 8.07235030e+00 -2.04385513e-05 -1.42006513e-08 
 8.09095899e+00 -2.04385513e-05 -1.42333872e-08 
 8.10961058e+00 -2.04385513e-05 -1.42661985e-08 
 8.12830516e+00 -2.04385513e-05 -1.42990855e-08 
 8.14704284e+00 -2.04385513e-05 -1.43320483e-08 
 8.16582371e+00 -2.04385513e-05 -1.43650871e-08 
 8.18464788e+00 -2.04385513e-05 -1.43982020e-08 
 8.20351544e+00 -2.04385513e-05 -1.44313933e-08 
 8.22242650e+00 -2.04385513e-05 -1.44646611e-08 
 8.24138115e+00 -2.04385513e-05 -1.44980056e-08 
 8.26037950e+00 -2.04385513e-05 -1.45314269e-08 
 8.27942164e+00 -2.04385513e-05 -1.45649253e-08 
 8.29850768e+00 -2.04385513e-05 -1.45985010e-08 
 8.31763771e+00 -2.04385513e-05 -1.46321540e-08 
 8.33681185e+00 -2.04385513e-05 -1.46658846e-08 
 8.35603018e+00 -2.04385513e-05 -1.46996929e-08 
 8.37529282e+00 -2.04385513e-05 -1.47335792e-08 
 8.39459987e+00 -2.04385513e-05 -1.47675436e-08 
 8.41395142e+00 -2.04385513e-05 -1.48015863e-08 
 8.43334758e+00 -2.04385513e-05 -1.48357075e-08 
 8.45278845e+00 -2.04385513e-05 -1.48699074e-08 
 8.47227414e+00 -2.04385513e-05 -1.49041860e-08 
 8.49180475e+00 -2.04385513e-05 -1.49385437e-08 
 8.51138038e+00 -2.04385513e-05 -1.49729806e-08 
 8.53100114e+00 -2.04385513e-05 -1.50074969e-08 
 8.55066713e+00 -2.04385513e-05 -1.50420928e-08 
 8.57037845e+00 -2.04385513e-05 -1.50767684e-08 
 8.59013522e+00 -2.04385513e-05 -1.51115239e-08 
 8.60993752e+00 -2.04385513e-05 -1.51463596e-08 
 8.62978548e+00 -2.04385513e-05 -1.51812755e-08 
 8.64967919e+00 -2.04385513e-05 -1.52162720e-08 
 8.66961876e+00 -2.04385513e-05 -1.52513491e-08 
 8.68960429e+00 -2.04385513e-05 -1.52865071e-08 
 8.70963590e+00 -2.04385513e-05 -1.53217461e-08 
 8.72971368e+00 -2.04385513e-05 -1.53570664e-08 
 8.74983775e+00 -2.04385513e-05 -1.53924681e-08 
 8.77000821e+00 -2.04385513e-05 -1.54279514e-08 
 8.79022517e+00 -2.04385513e-05 -1.54635165e-08 
 8.81048873e+00 -2.04385513e-05 -1.54991636e-08 
 8.83079900e+00 -2.04385513e-05 -1.55348929e-08 
 8.85115610e+00 -2.04385513e-05 -1.55707045e-08 
 8.87156012e+00 -2.04385513e-05 -1.56065987e-08 
 8.89201118e+00 -2.04385513e-05 -1.56425756e-08 
 8.91250938e+00 -2.04385513e-05 -1.56786355e-08 
 8.93305484e+00 -2.04385513e-05 -1.57147785e-08 
 8.95364766e+00 -2.04385513e-05 -1.57510048e-08 
 8.97428795e+00 -2.04385513e-05 -1.57873146e-08 
 8.99497582e+00 -2.04385513e-05 -1.58237081e-08 
 9.01571138e+00 -2.04385513e-05 -1.58601855e-08 
 9.03649474e+00 -2.04385513e-05 -1.58967470e-08 
 9.05732601e+00 -2.04385513e-05 -1.59333928e-08 
 9.07820530e+00 -2.04385513e-05 -1.59701231e-08 
 9.09913273e+00 -2.04385513e-05 -1.60069380e-08 
 9.12010839e+00 -2.04385513e-05 -1.60438378e-08 
 9.14113241e+00 -2.04385513e-05 -1.60808227e-08 
 9.16220490e+00 -2.04385513e-05 -1.61178928e-08 
 9.18332596e+00 -2.04385513e-05 -1.61550484e-08 
 9.20449572e+00 -2.04385513e-05 -1.61922896e-08 
 9.22571427e+00 -2.04385513e-05 -1.62296167e-08 
 9.24698174e+00 -2.04385513e-05 -1.62670298e-08 
 9.26829823e+00 -2.04385513e-05 -1.63045292e-08 
 9.28966387e+00 -2.04385513e-05 -1.63421150e-08 
 9.31107875e+00 -2.04385513e-05 -1.63797875e-08 
 9.33254301e+00 -2.04385513e-05 -1.64175468e-08 
 9.35405674e+00 -2.04385513e-05 -1.64553931e-08 
 9.37562007e+00 -2.04385513e-05 -1.64933267e-08 
 9.39723311e+00 -2.04385513e-05 -1.65313478e-08 
 9.41889597e+00 -2.04385513e-05 -1.65694565e-08 
 9.44060876e+00 -2.04385513e-05 -1.66076530e-08 
 9.46237161e+00 -2.04385513e-05 -1.66459376e-08 
 9.48418463e+00 -2.04385513e-05 -1.66843105e-08 
 9.50604794e+00 -2.04385513e-05 -1.67227718e-08 
 9.52796164e+00 -2.04385513e-05 -1.67613217e-08 
 9.54992586e+00 -2.04385513e-05 -1.67999606e-08 
 9.57194071e+00 -2.04385513e-05 -1.68386885e-08 
 9.59400632e+00 -2.04385513e-05 -1.68775057e-08 
 9.61612278e+00 -2.04385513e-05 -1.69164123e-08 
 9.63829024e+00 -2.04385513e-05 -1.69554087e-08 
 9.66050879e+00 -2.04385513e-05 -1.69944950e-08 
 9.68277856e+00 -2.04385513e-05 -1.70336713e-08 
 9.70509967e+00 -2.04385513e-05 -1.70729380e-08 
 9.72747224e+00 -2.04385513e-05 -1.71122952e-08 
 9.74989638e+00 -2.04385513e-05 -1.71517431e-08 
 9.77237221e+00 -2.04385513e-05 -1.71912819e-08 
 9.79489985e+00 -2.04385513e-05 -1.72309119e-08 
 9.81747943e+00 -2.04385513e-05 -1.72706333e-08 
 9.84011106e+00 -2.04385513e-05 -1.73104462e-08 
 9.86279486e+00 -2.04385513e-05 -1.73503509e-08 
 9.88553095e+00 -2.04385513e-05 -1.73903476e-08 
 9.90831945e+00 -2.04385513e-05 -1.74304365e-08 
 9.93116048e+00 -2.04385513e-05 -1.74706178e-08 
 9.95405417e+00 -2.04385513e-05 -1.75108917e-08 
 9.97700064e+00 -2.04385513e-05 -1.75512585e-08 
 1.00000000e+01 -2.04385513e-05 -1.75917183e-08 
