 1.00000000e+00  9.40644334e-05  1.97608826e-07 
 1.00230524e+00  9.40644334e-05  1.98064362e-07 
 1.00461579e+00  9.40644334e-05  1.98520947e-07 
 1.00693167e+00  9.40644334e-05  1.98978585e-07 
 1.00925289e+00  9.40644334e-05  1.99437278e-07 
 1.01157945e+00  9.40644334e-05  1.99897029e-07 
 1.01391139e+00  9.40644334e-05  2.00357839e-07 
 1.01624869e+00  9.40644334e-05  2.00819711e-07 
 1.01859139e+00  9.40644334e-05  2.01282649e-07 
 1.02093948e+00  9.40644333e-05  2.01746653e-07 
 1.02329299e+00  9.40644334e-05  2.02211727e-07 
 1.02565193e+00  9.40644334e-05  2.02677873e-07 
 1.02801630e+00  9.40644334e-05  2.03145094e-07 
 1.03038612e+00  9.40644334e-05  2.03613392e-07 
 1.03276141e+00  9.40644334e-05  2.04082769e-07 
 1.03514217e+00  9.40644334e-05  2.04553228e-07 
 1.03752842e+00  9.40644334e-05  2.05024772e-07 
 1.03992017e+00  9.40644334e-05  2.05497403e-07 
 1.04231743e+00  9.40644334e-05  2.05971124e-07 
 1.04472022e+00  9.40644334e-05  2.06445936e-07 
 1.04712855e+00  9.40644334e-05  2.06921843e-07 
 1.04954243e+00  9.40644334e-05  2.07398847e-07 
 1.05196187e+00  9.40644334e-05  2.07876951e-07 
 1.05438690e+00  9.40644333e-05  2.08356157e-07 
 1.05681751e+00  9.40644334e-05  2.08836467e-07 
 1.05925373e+00  9.40644334e-05  2.09317885e-07 
 1.06169556e+00  9.40644334e-05  2.09800413e-07 
 1.06414302e+00  9.40644334e-05  2.10284053e-07 
 1.06659612e+00  9.40644334e-05  2.10768808e-07 
 1.06905488e+00  9.40644334e-05  2.11254680e-07 
 1.07151931e+00  9.40644334e-05  2.11741672e-07 
 1.07398941e+00  9.40644334e-05  2.12229787e-07 
 1.07646521e+00  9.40644333e-05  2.12719027e-07 
 1.07894672e+00  9.40644334e-05  2.13209395e-07 
 1.08143395e+00  9.40644334e-05  2.13700894e-07 
 1.08392691e+00  9.40644334e-05  2.14193525e-07 
 1.08642562e+00  9.40644334e-05  2.14687292e-07 
 1.08893009e+00  9.40644334e-05  2.15182198e-07 
 1.09144034e+00  9.40644334e-05  2.15678244e-07 
 1.09395637e+00  9.40644334e-05  2.16175433e-07 
 1.09647820e+00  9.40644334e-05  2.16673769e-07 
 1.09900584e+00  9.40644334e-05  2.17173254e-07 
 1.10153931e+00  9.40644334e-05  2.17673890e-07 
 1.10407862e+00  9.40644334e-05  2.18175680e-07 
 1.10662378e+00  9.40644334e-05  2.18678627e-07 
 1.10917482e+00  9.40644334e-05  2.19182733e-07 
 1.11173173e+00  9.40644334e-05  2.19688002e-07 
 1.11429453e+00  9.40644334e-05  2.20194435e-07 
 1.11686325e+00  9.40644334e-05  2.20702035e-07 
 1.11943788e+00  9.40644334e-05  2.21210806e-07 
 1.12201845e+00  9.40644334e-05  2.21720750e-07 
 1.12460497e+00  9.40644334e-05  2.22231869e-07 
 1.12719746e+00  9.40644334e-05  2.22744166e-07 
 1.12979591e+00  9.40644334e-05  2.23257645e-07 
 1.13240036e+00  9.40644334e-05  2.23772307e-07 
 1.13501082e+00  9.40644334e-05  2.24288155e-07 
 1.13762729e+00  9.40644334e-05  2.24805193e-07 
 1.14024979e+00  9.40644334e-05  2.25323422e-07 
 1.14287833e+00  9.40644334e-05  2.25842846e-07 
 1.14551294e+00  9.40644334e-05  2.26363468e-07 
 1.14815362e+00  9.40644334e-05  2.26885289e-07 
 1.15080039e+00  9.40644334e-05  2.27408314e-07 
 1.15345326e+00  9.40644334e-05  2.27932544e-07 
 1.15611224e+00  9.40644334e-05  2.28457983e-07 
 1.15877736e+00  9.40644334e-05  2.28984633e-07 
 1.16144861e+00  9.40644334e-05  2.29512497e-07 
 1.16412603e+00  9.40644334e-05  2.30041578e-07 
 1.16680962e+00  9.40644334e-05  2.30571879e-07 
 1.16949939e+00  9.40644334e-05  2.31103402e-07 
 1.17219537e+00  9.40644334e-05  2.31636150e-07 
 1.17489755e+00  9.40644334e-05  2.32170127e-07 
 1.17760597e+00  9.40644334e-05  2.32705334e-07 
 1.18032064e+00  9.40644334e-05  2.33241775e-07 
 1.18304156e+00  9.40644334e-05  2.33779453e-07 
 1.18576875e+00  9.40644334e-05  2.34318370e-07 
 1.18850223e+00  9.40644334e-05  2.34858530e-07 
 1.19124201e+00  9.40644334e-05  2.35399935e-07 
 1.19398810e+00  9.40644334e-05  2.35942588e-07 
 1.19674053e+00  9.40644334e-05  2.36486492e-07 
 1.19949930e+00  9.40644334e-05  2.37031649e-07 
 1.20226443e+00  9.40644334e-05  2.37578064e-07 
 1.20503594e+00  9.40644334e-05  2.38125738e-07 
 1.20781384e+00  9.40644334e-05  2.38674674e-07 
 1.21059813e+00  9.40644334e-05  2.39224876e-07 
 1.21338885e+00  9.40644334e-05  2.39776346e-07 
 1.21618600e+00  9.40644334e-05  2.40329088e-07 
 1.21898960e+00  9.40644334e-05  2.40883104e-07 
 1.22179966e+00  9.40644334e-05  2.41438397e-07 
 1.22461620e+00  9.40644334e-05  2.41994970e-07 
 1.22743923e+00  9.40644334e-05  2.42552826e-07 
 1.23026877e+00  9.40644334e-05  2.43111968e-07 
 1.23310483e+00  9.40644334e-05  2.43672399e-07 
 1.23594743e+00  9.40644334e-05  2.44234122e-07 
 1.23879659e+00  9.40644333e-05  2.44797139e-07 
 1.24165231e+00  9.40644334e-05  2.45361455e-07 
 1.24451461e+00  9.40644334e-05  2.45927072e-07 
 1.24738351e+00  9.40644334e-05  2.46493992e-07 
 1.25025903e+00  9.40644334e-05  2.47062219e-07 
 1.25314117e+00  9.40644334e-05  2.47631757e-07 
 1.25602996e+00  9.40644334e-05  2.48202607e-07 
 1.25892541e+00  9.40644334e-05  2.48774773e-07 
 1.26182753e+00  9.40644334e-05  2.49348258e-07 
 1.26473635e+00  9.40644334e-05  2.49923065e-07 
 1.26765187e+00  9.40644334e-05  2.50499197e-07 
 1.27057411e+00  9.40644334e-05  2.51076658e-07 
 1.27350308e+00  9.40644333e-05  2.51655449e-07 
 1.27643881e+00  9.40644334e-05  2.52235575e-07 
 1.27938130e+00  9.40644334e-05  2.52817038e-07 
 1.28233058e+00  9.40644334e-05  2.53399841e-07 
 1.28528666e+00  9.40644334e-05  2.53983988e-07 
 1.28824955e+00  9.40644334e-05  2.54569482e-07 
 1.29121927e+00  9.40644334e-05  2.55156325e-07 
 1.29419584e+00  9.40644334e-05  2.55744521e-07 
 1.29717927e+00  9.40644334e-05  2.56334073e-07 
 1.30016958e+00  9.40644334e-05  2.56924984e-07 
 1.30316678e+00  9.40644334e-05  2.57517257e-07 
 1.30617089e+00  9.40644334e-05  2.58110896e-07 
 1.30918192e+00  9.40644334e-05  2.58705903e-07 
 1.31219990e+00  9.40644334e-05  2.59302282e-07 
 1.31522483e+00  9.40644334e-05  2.59900035e-07 
 1.31825674e+00  9.40644334e-05  2.60499167e-07 
 1.32129563e+00  9.40644334e-05  2.61099679e-07 
 1.32434154e+00  9.40644334e-05  2.61701576e-07 
 1.32739446e+00  9.40644334e-05  2.62304861e-07 
 1.33045442e+00  9.40644334e-05  2.62909536e-07 
 1.33352143e+00  9.40644334e-05  2.63515605e-07 
 1.33659552e+00  9.40644334e-05  2.64123071e-07 
 1.33967669e+00  9.40644334e-05  2.64731938e-07 
 1.34276496e+00  9.40644334e-05  2.65342208e-07 
 1.34586035e+00  9.40644334e-05  2.65953885e-07 
 1.34896288e+00  9.40644334e-05  2.66566972e-07 
 1.35207256e+00  9.40644334e-05  2.67181472e-07 
 1.35518941e+00  9.40644334e-05  2.67797389e-07 
 1.35831345e+00  9.40644334e-05  2.68414726e-07 
 1.36144468e+00  9.40644334e-05  2.69033486e-07 
 1.36458314e+00  9.40644334e-05  2.69653672e-07 
 1.36772883e+00  9.40644334e-05  2.70275288e-07 
 1.37088177e+00  9.40644334e-05  2.70898337e-07 
 1.37404198e+00  9.40644334e-05  2.71522822e-07 
 1.37720947e+00  9.40644334e-05  2.72148747e-07 
 1.38038426e+00  9.40644334e-05  2.72776114e-07 
 1.38356638e+00  9.40644334e-05  2.73404928e-07 
 1.38675583e+00  9.40644334e-05  2.74035192e-07 
 1.38995263e+00  9.40644334e-05  2.74666908e-07 
 1.39315680e+00  9.40644334e-05  2.75300081e-07 
 1.39636836e+00  9.40644334e-05  2.75934713e-07 
 1.39958732e+00  9.40644334e-05  2.76570808e-07 
 1.40281370e+00  9.40644334e-05  2.77208370e-07 
 1.40604752e+00  9.40644334e-05  2.77847401e-07 
 1.40928880e+00  9.40644334e-05  2.78487905e-07 
 1.41253754e+00  9.40644334e-05  2.79129886e-07 
 1.41579378e+00  9.40644334e-05  2.79773347e-07 
 1.41905752e+00  9.40644334e-05  2.80418291e-07 
 1.42232879e+00  9.40644334e-05  2.81064722e-07 
 1.42560759e+00  9.40644334e-05  2.81712643e-07 
 1.42889396e+00  9.40644334e-05  2.82362058e-07 
 1.43218790e+00  9.40644334e-05  2.83012970e-07 
 1.43548943e+00  9.40644334e-05  2.83665382e-07 
 1.43879858e+00  9.40644334e-05  2.84319298e-07 
 1.44211535e+00  9.40644334e-05  2.84974722e-07 
 1.44543977e+00  9.40644334e-05  2.85631656e-07 
 1.44877185e+00  9.40644334e-05  2.86290105e-07 
 1.45211162e+00  9.40644334e-05  2.86950072e-07 
 1.45545908e+00  9.40644334e-05  2.87611560e-07 
 1.45881426e+00  9.40644334e-05  2.88274574e-07 
 1.46217717e+00  9.40644334e-05  2.88939115e-07 
 1.46554784e+00  9.40644334e-05  2.89605189e-07 
 1.46892628e+00  9.40644334e-05  2.90272797e-07 
 1.47231250e+00  9.40644334e-05  2.90941945e-07 
 1.47570653e+00  9.40644334e-05  2.91612636e-07 
 1.47910839e+00  9.40644334e-05  2.92284872e-07 
 1.48251809e+00  9.40644334e-05  2.92958659e-07 
 1.48593564e+00  9.40644334e-05  2.93633998e-07 
 1.48936108e+00  9.40644334e-05  2.94310894e-07 
 1.49279441e+00  9.40644334e-05  2.94989351e-07 
 1.49623566e+00  9.40644334e-05  2.95669372e-07 
 1.49968484e+00  9.40644334e-05  2.96350960e-07 
 1.50314197e+00  9.40644334e-05  2.97034120e-07 
 1.50660707e+00  9.40644334e-05  2.97718854e-07 
 1.51008015e+00  9.40644334e-05  2.98405167e-07 
 1.51356125e+00  9.40644334e-05  2.99093062e-07 
 1.51705037e+00  9.40644334e-05  2.99782542e-07 
 1.52054753e+00  9.40644334e-05  3.00473613e-07 
 1.52405275e+00  9.40644334e-05  3.01166276e-07 
 1.52756606e+00  9.40644334e-05  3.01860536e-07 
 1.53108746e+00  9.40644334e-05  3.02556396e-07 
 1.53461698e+00  9.40644334e-05  3.03253861e-07 
 1.53815464e+00  9.40644334e-05  3.03952933e-07 
 1.54170045e+00  9.40644334e-05  3.04653617e-07 
 1.54525444e+00  9.40644334e-05  3.05355916e-07 
 1.54881662e+00  9.40644334e-05  3.06059834e-07 
 1.55238701e+00  9.40644334e-05  3.06765375e-07 
 1.55596563e+00  9.40644334e-05  3.07472542e-07 
 1.55955250e+00  9.40644334e-05  3.08181339e-07 
 1.56314764e+00  9.40644334e-05  3.08891771e-07 
 1.56675107e+00  9.40644334e-05  3.09603840e-07 
 1.57036280e+00  9.40644334e-05  3.10317550e-07 
 1.57398286e+00  9.40644334e-05  3.11032906e-07 
 1.57761127e+00  9.40644334e-05  3.11749911e-07 
 1.58124804e+00  9.40644334e-05  3.12468569e-07 
 1.58489319e+00  9.40644334e-05  3.13188883e-07 
 1.58854675e+00  9.40644334e-05  3.13910858e-07 
 1.59220873e+00  9.40644334e-05  3.14634498e-07 
 1.59587915e+00  9.40644334e-05  3.15359805e-07 
 1.59955803e+00  9.40644334e-05  3.16086784e-07 
 1.60324539e+00  9.40644334e-05  3.16815440e-07 
 1.60694125e+00  9.40644334e-05  3.17545775e-07 
 1.61064564e+00  9.40644334e-05  3.18277793e-07 
 1.61435856e+00  9.40644334e-05  3.19011499e-07 
 1.61808004e+00  9.40644334e-05  3.19746897e-07 
 1.62181010e+00  9.40644334e-05  3.20483990e-07 
 1.62554876e+00  9.40644334e-05  3.21222782e-07 
 1.62929603e+00  9.40644334e-05  3.21963277e-07 
 1.63305195e+00  9.40644334e-05  3.22705479e-07 
 1.63681652e+00  9.40644334e-05  3.23449391e-07 
 1.64058977e+00  9.40644334e-05  3.24195019e-07 
 1.64437172e+00  9.40644334e-05  3.24942366e-07 
 1.64816239e+00  9.40644334e-05  3.25691436e-07 
 1.65196180e+00  9.40644334e-05  3.26442232e-07 
 1.65576996e+00  9.40644334e-05  3.27194759e-07 
 1.65958691e+00  9.40644334e-05  3.27949021e-07 
 1.66341265e+00  9.40644334e-05  3.28705021e-07 
 1.66724721e+00  9.40644334e-05  3.29462765e-07 
 1.67109061e+00  9.40644334e-05  3.30222255e-07 
 1.67494288e+00  9.40644334e-05  3.30983496e-07 
 1.67880402e+00  9.40644334e-05  3.31746491e-07 
 1.68267406e+00  9.40644334e-05  3.32511246e-07 
 1.68655303e+00  9.40644334e-05  3.33277764e-07 
 1.69044093e+00  9.40644334e-05  3.34046048e-07 
 1.69433780e+00  9.40644334e-05  3.34816104e-07 
 1.69824365e+00  9.40644334e-05  3.35587935e-07 
 1.70215851e+00  9.40644334e-05  3.36361545e-07 
 1.70608239e+00  9.40644334e-05  3.37136938e-07 
 1.71001532e+00  9.40644334e-05  3.37914119e-07 
 1.71395731e+00  9.40644334e-05  3.38693092e-07 
 1.71790839e+00  9.40644334e-05  3.39473860e-07 
 1.72186857e+00  9.40644334e-05  3.40256428e-07 
 1.72583789e+00  9.40644334e-05  3.41040800e-07 
 1.72981636e+00  9.40644334e-05  3.41826980e-07 
 1.73380400e+00  9.40644334e-05  3.42614973e-07 
 1.73780083e+00  9.40644334e-05  3.43404782e-07 
 1.74180687e+00  9.40644334e-05  3.44196412e-07 
 1.74582215e+00  9.40644334e-05  3.44989866e-07 
 1.74984669e+00  9.40644334e-05  3.45785150e-07 
 1.75388050e+00  9.40644334e-05  3.46582267e-07 
 1.75792361e+00  9.40644334e-05  3.47381222e-07 
 1.76197605e+00  9.40644334e-05  3.48182018e-07 
 1.76603782e+00  9.40644334e-05  3.48984661e-07 
 1.77010896e+00  9.40644334e-05  3.49789153e-07 
 1.77418948e+00  9.40644334e-05  3.50595501e-07 
 1.77827941e+00  9.40644334e-05  3.51403707e-07 
 1.78237877e+00  9.40644334e-05  3.52213776e-07 
 1.78648757e+00  9.40644334e-05  3.53025713e-07 
 1.79060585e+00  9.40644334e-05  3.53839521e-07 
 1.79473363e+00  9.40644334e-05  3.54655205e-07 
 1.79887092e+00  9.40644334e-05  3.55472770e-07 
 1.80301774e+00  9.40644334e-05  3.56292219e-07 
 1.80717413e+00  9.40644334e-05  3.57113558e-07 
 1.81134009e+00  9.40644334e-05  3.57936790e-07 
 1.81551566e+00  9.40644334e-05  3.58761919e-07 
 1.81970086e+00  9.40644334e-05  3.59588951e-07 
 1.82389570e+00  9.40644334e-05  3.60417889e-07 
 1.82810022e+00  9.40644334e-05  3.61248738e-07 
 1.83231442e+00  9.40644334e-05  3.62081502e-07 
 1.83653834e+00  9.40644334e-05  3.62916186e-07 
 1.84077200e+00  9.40644334e-05  3.63752794e-07 
 1.84501542e+00  9.40644334e-05  3.64591331e-07 
 1.84926862e+00  9.40644334e-05  3.65431801e-07 
 1.85353162e+00  9.40644334e-05  3.66274208e-07 
 1.85780446e+00  9.40644334e-05  3.67118558e-07 
 1.86208714e+00  9.40644334e-05  3.67964853e-07 
 1.86637969e+00  9.40644334e-05  3.68813100e-07 
 1.87068214e+00  9.40644334e-05  3.69663302e-07 
 1.87499451e+00  9.40644334e-05  3.70515464e-07 
 1.87931682e+00  9.40644334e-05  3.71369590e-07 
 1.88364909e+00  9.40644334e-05  3.72225686e-07 
 1.88799135e+00  9.40644334e-05  3.73083754e-07 
 1.89234362e+00  9.40644334e-05  3.73943801e-07 
 1.89670592e+00  9.40644334e-05  3.74805831e-07 
 1.90107828e+00  9.40644334e-05  3.75669847e-07 
 1.90546072e+00  9.40644334e-05  3.76535856e-07 
 1.90985326e+00  9.40644334e-05  3.77403861e-07 
 1.91425593e+00  9.40644334e-05  3.78273866e-07 
 1.91866874e+00  9.40644334e-05  3.79145878e-07 
 1.92309173e+00  9.40644334e-05  3.80019899e-07 
 1.92752491e+00  9.40644334e-05  3.80895936e-07 
 1.93196832e+00  9.40644334e-05  3.81773991e-07 
 1.93642196e+00  9.40644334e-05  3.82654071e-07 
 1.94088588e+00  9.40644334e-05  3.83536180e-07 
 1.94536008e+00  9.40644334e-05  3.84420322e-07 
 1.94984460e+00  9.40644334e-05  3.85306503e-07 
 1.95433946e+00  9.40644334e-05  3.86194726e-07 
 1.95884467e+00  9.40644334e-05  3.87084997e-07 
 1.96336028e+00  9.40644334e-05  3.87977320e-07 
 1.96788629e+00  9.40644334e-05  3.88871700e-07 
 1.97242274e+00  9.40644334e-05  3.89768142e-07 
 1.97696964e+00  9.40644334e-05  3.90666650e-07 
 1.98152703e+00  9.40644334e-05  3.91567230e-07 
 1.98609492e+00  9.40644334e-05  3.92469885e-07 
 1.99067334e+00  9.40644334e-05  3.93374622e-07 
 1.99526231e+00  9.40644334e-05  3.94281444e-07 
 1.99986187e+00  9.40644334e-05  3.95190357e-07 
 2.00447203e+00  9.40644334e-05  3.96101364e-07 
 2.00909281e+00  9.40644334e-05  3.97014472e-07 
 2.01372425e+00  9.40644334e-05  3.97929685e-07 
 2.01836636e+00  9.40644334e-05  3.98847008e-07 
 2.02301918e+00  9.40644334e-05  3.99766445e-07 
 2.02768272e+00  9.40644334e-05  4.00688002e-07 
 2.03235701e+00  9.40644334e-05  4.01611683e-07 
 2.03704208e+00  9.40644334e-05  4.02537494e-07 
 2.04173794e+00  9.40644334e-05  4.03465439e-07 
 2.04644464e+00  9.40644334e-05  4.04395523e-07 
 2.05116218e+00  9.40644334e-05  4.05327750e-07 
 2.05589060e+00  9.40644334e-05  4.06262127e-07 
 2.06062991e+00  9.40644334e-05  4.07198658e-07 
 2.06538016e+00  9.40644334e-05  4.08137348e-07 
 2.07014135e+00  9.40644334e-05  4.09078202e-07 
 2.07491352e+00  9.40644334e-05  4.10021225e-07 
 2.07969669e+00  9.40644334e-05  4.10966421e-07 
 2.08449088e+00  9.40644334e-05  4.11913797e-07 
 2.08929613e+00  9.40644334e-05  4.12863356e-07 
 2.09411246e+00  9.40644334e-05  4.13815104e-07 
 2.09893988e+00  9.40644334e-05  4.14769047e-07 
 2.10377844e+00  9.40644334e-05  4.15725188e-07 
 2.10862815e+00  9.40644334e-05  4.16683534e-07 
 2.11348904e+00  9.40644334e-05  4.17644088e-07 
 2.11836114e+00  9.40644334e-05  4.18606857e-07 
 2.12324446e+00  9.40644334e-05  4.19571846e-07 
 2.12813905e+00  9.40644334e-05  4.20539059e-07 
 2.13304491e+00  9.40644334e-05  4.21508501e-07 
 2.13796209e+00  9.40644334e-05  4.22480179e-07 
 2.14289060e+00  9.40644334e-05  4.23454096e-07 
 2.14783047e+00  9.40644334e-05  4.24430259e-07 
 2.15278173e+00  9.40644334e-05  4.25408672e-07 
 2.15774441e+00  9.40644334e-05  4.26389340e-07 
 2.16271852e+00  9.40644334e-05  4.27372269e-07 
 2.16770410e+00  9.40644334e-05  4.28357464e-07 
 2.17270118e+00  9.40644334e-05  4.29344930e-07 
 2.17770977e+00  9.40644334e-05  4.30334672e-07 
 2.18272991e+00  9.40644334e-05  4.31326696e-07 
 2.18776162e+00  9.40644334e-05  4.32321006e-07 
 2.19280494e+00  9.40644334e-05  4.33317609e-07 
 2.19785987e+00  9.40644334e-05  4.34316510e-07 
 2.20292646e+00  9.40644334e-05  4.35317713e-07 
 2.20800473e+00  9.40644334e-05  4.36321223e-07 
 2.21309471e+00  9.40644334e-05  4.37327048e-07 
 2.21819642e+00  9.40644334e-05  4.38335191e-07 
 2.22330989e+00  9.40644334e-05  4.39345658e-07 
 2.22843515e+00  9.40644334e-05  4.40358454e-07 
 2.23357222e+00  9.40644334e-05  4.41373585e-07 
 2.23872114e+00  9.40644334e-05  4.42391056e-07 
 2.24388192e+00  9.40644334e-05  4.43410873e-07 
 2.24905461e+00  9.40644334e-05  4.44433041e-07 
 2.25423921e+00  9.40644334e-05  4.45457565e-07 
 2.25943577e+00  9.40644334e-05  4.46484450e-07 
 2.26464431e+00  9.40644334e-05  4.47513703e-07 
 2.26986485e+00  9.40644334e-05  4.48545329e-07 
 2.27509743e+00  9.40644334e-05  4.49579333e-07 
 2.28034207e+00  9.40644334e-05  4.50615720e-07 
 2.28559880e+00  9.40644334e-05  4.51654497e-07 
 2.29086765e+00  9.40644334e-05  4.52695668e-07 
 2.29614865e+00  9.40644334e-05  4.53739239e-07 
 2.30144182e+00  9.40644334e-05  4.54785216e-07 
 2.30674719e+00  9.40644334e-05  4.55833604e-07 
 2.31206479e+00  9.40644334e-05  4.56884409e-07 
 2.31739465e+00  9.40644334e-05  4.57937637e-07 
 2.32273680e+00  9.40644334e-05  4.58993292e-07 
 2.32809126e+00  9.40644334e-05  4.60051381e-07 
 2.33345806e+00  9.40644334e-05  4.61111909e-07 
 2.33883724e+00  9.40644334e-05  4.62174881e-07 
 2.34422882e+00  9.40644334e-05  4.63240304e-07 
 2.34963282e+00  9.40644334e-05  4.64308184e-07 
 2.35504928e+00  9.40644334e-05  4.65378525e-07 
 2.36047823e+00  9.40644334e-05  4.66451333e-07 
 2.36591970e+00  9.40644334e-05  4.67526614e-07 
 2.37137371e+00  9.40644334e-05  4.68604374e-07 
 2.37684029e+00  9.40644334e-05  4.69684619e-07 
 2.38231947e+00  9.40644334e-05  4.70767354e-07 
 2.38781128e+00  9.40644334e-05  4.71852585e-07 
 2.39331576e+00  9.40644334e-05  4.72940317e-07 
 2.39883292e+00  9.40644334e-05  4.74030557e-07 
 2.40436280e+00  9.40644335e-05  4.75123311e-07 
 2.40990543e+00  9.40644334e-05  4.76218583e-07 
 2.41546083e+00  9.40644334e-05  4.77316380e-07 
 2.42102905e+00  9.40644334e-05  4.78416708e-07 
 2.42661010e+00  9.40644334e-05  4.79519572e-07 
 2.43220401e+00  9.40644334e-05  4.80624979e-07 
 2.43781082e+00  9.40644335e-05  4.81732934e-07 
 2.44343055e+00  9.40644334e-05  4.82843443e-07 
 2.44906324e+00  9.40644334e-05  4.83956512e-07 
 2.45470892e+00  9.40644334e-05  4.85072147e-07 
 2.46036760e+00  9.40644335e-05  4.86190354e-07 
 2.46603934e+00  9.40644335e-05  4.87311139e-07 
 2.47172415e+00  9.40644334e-05  4.88434507e-07 
 2.47742206e+00  9.40644334e-05  4.89560465e-07 
 2.48313311e+00  9.40644334e-05  4.90689018e-07 
 2.48885732e+00  9.40644334e-05  4.91820173e-07 
 2.49459473e+00  9.40644335e-05  4.92953936e-07 
 2.50034536e+00  9.40644335e-05  4.94090312e-07 
 2.50610925e+00  9.40644334e-05  4.95229308e-07 
 2.51188643e+00  9.40644335e-05  4.96370929e-07 
 2.51767693e+00  9.40644334e-05  4.97515182e-07 
 2.52348077e+00  9.40644334e-05  4.98662073e-07 
 2.52929800e+00  9.40644335e-05  4.99811608e-07 
 2.53512863e+00  9.40644335e-05  5.00963793e-07 
 2.54097271e+00  9.40644335e-05  5.02118634e-07 
 2.54683025e+00  9.40644335e-05  5.03276137e-07 
 2.55270130e+00  9.40644335e-05  5.04436308e-07 
 2.55858589e+00  9.40644335e-05  5.05599154e-07 
 2.56448404e+00  9.40644334e-05  5.06764680e-07 
 2.57039578e+00  9.40644335e-05  5.07932893e-07 
 2.57632116e+00  9.40644334e-05  5.09103800e-07 
 2.58226019e+00  9.40644335e-05  5.10277405e-07 
 2.58821292e+00  9.40644335e-05  5.11453716e-07 
 2.59417936e+00  9.40644335e-05  5.12632739e-07 
 2.60015956e+00  9.40644335e-05  5.13814479e-07 
 2.60615355e+00  9.40644335e-05  5.14998944e-07 
 2.61216135e+00  9.40644335e-05  5.16186139e-07 
 2.61818301e+00  9.40644334e-05  5.17376071e-07 
 2.62421854e+00  9.40644335e-05  5.18568746e-07 
 2.63026799e+00  9.40644335e-05  5.19764170e-07 
 2.63633139e+00  9.40644335e-05  5.20962351e-07 
 2.64240876e+00  9.40644335e-05  5.22163293e-07 
 2.64850014e+00  9.40644335e-05  5.23367004e-07 
 2.65460556e+00  9.40644335e-05  5.24573489e-07 
 2.66072506e+00  9.40644335e-05  5.25782756e-07 
 2.66685866e+00  9.40644335e-05  5.26994810e-07 
 2.67300641e+00  9.40644335e-05  5.28209659e-07 
 2.67916832e+00  9.40644335e-05  5.29427308e-07 
 2.68534445e+00  9.40644335e-05  5.30647764e-07 
 2.69153480e+00  9.40644335e-05  5.31871033e-07 
 2.69773943e+00  9.40644335e-05  5.33097123e-07 
 2.70395836e+00  9.40644335e-05  5.34326038e-07 
 2.71019163e+00  9.40644335e-05  5.35557787e-07 
 2.71643927e+00  9.40644335e-05  5.36792375e-07 
 2.72270131e+00  9.40644335e-05  5.38029810e-07 
 2.72897778e+00  9.40644335e-05  5.39270096e-07 
 2.73526873e+00  9.40644335e-05  5.40513242e-07 
 2.74157417e+00  9.40644335e-05  5.41759254e-07 
 2.74789415e+00  9.40644335e-05  5.43008138e-07 
 2.75422870e+00  9.40644335e-05  5.44259901e-07 
 2.76057786e+00  9.40644335e-05  5.45514550e-07 
 2.76694165e+00  9.40644335e-05  5.46772091e-07 
 2.77332010e+00  9.40644335e-05  5.48032531e-07 
 2.77971327e+00  9.40644335e-05  5.49295876e-07 
 2.78612117e+00  9.40644335e-05  5.50562134e-07 
 2.79254384e+00  9.40644335e-05  5.51831311e-07 
 2.79898132e+00  9.40644335e-05  5.53103413e-07 
 2.80543364e+00  9.40644335e-05  5.54378448e-07 
 2.81190083e+00  9.40644335e-05  5.55656422e-07 
 2.81838293e+00  9.40644335e-05  5.56937343e-07 
 2.82487997e+00  9.40644335e-05  5.58221216e-07 
 2.83139200e+00  9.40644335e-05  5.59508049e-07 
 2.83791903e+00  9.40644335e-05  5.60797848e-07 
 2.84446111e+00  9.40644335e-05  5.62090621e-07 
 2.85101827e+00  9.40644335e-05  5.63386373e-07 
 2.85759054e+00  9.40644335e-05  5.64685113e-07 
 2.86417797e+00  9.40644335e-05  5.65986847e-07 
 2.87078058e+00  9.40644335e-05  5.67291581e-07 
 2.87739841e+00  9.40644335e-05  5.68599323e-07 
 2.88403150e+00  9.40644335e-05  5.69910080e-07 
 2.89067988e+00  9.40644335e-05  5.71223858e-07 
 2.89734359e+00  9.40644335e-05  5.72540665e-07 
 2.90402265e+00  9.40644335e-05  5.73860508e-07 
 2.91071712e+00  9.40644335e-05  5.75183393e-07 
 2.91742701e+00  9.40644335e-05  5.76509328e-07 
 2.92415238e+00  9.40644335e-05  5.77838319e-07 
 2.93089325e+00  9.40644335e-05  5.79170374e-07 
 2.93764965e+00  9.40644335e-05  5.80505499e-07 
 2.94442163e+00  9.40644335e-05  5.81843703e-07 
 2.95120923e+00  9.40644335e-05  5.83184991e-07 
 2.95801247e+00  9.40644335e-05  5.84529371e-07 
 2.96483139e+00  9.40644335e-05  5.85876851e-07 
 2.97166603e+00  9.40644335e-05  5.87227436e-07 
 2.97851643e+00  9.40644335e-05  5.88581135e-07 
 2.98538262e+00  9.40644335e-05  5.89937955e-07 
 2.99226464e+00  9.40644335e-05  5.91297902e-07 
 2.99916252e+00  9.40644335e-05  5.92660985e-07 
 3.00607630e+00  9.40644335e-05  5.94027210e-07 
 3.01300602e+00  9.40644335e-05  5.95396584e-07 
 3.01995172e+00  9.40644335e-05  5.96769115e-07 
 3.02691343e+00  9.40644335e-05  5.98144809e-07 
 3.03389118e+00  9.40644335e-05  5.99523676e-07 
 3.04088503e+00  9.40644335e-05  6.00905720e-07 
 3.04789499e+00  9.40644335e-05  6.02290951e-07 
 3.05492111e+00  9.40644335e-05  6.03679375e-07 
 3.06196343e+00  9.40644335e-05  6.05071000e-07 
 3.06902199e+00  9.40644335e-05  6.06465833e-07 
 3.07609681e+00  9.40644335e-05  6.07863881e-07 
 3.08318795e+00  9.40644335e-05  6.09265152e-07 
 3.09029543e+00  9.40644335e-05  6.10669653e-07 
 3.09741930e+00  9.40644335e-05  6.12077392e-07 
 3.10455959e+00  9.40644335e-05  6.13488376e-07 
 3.11171634e+00  9.40644335e-05  6.14902613e-07 
 3.11888958e+00  9.40644335e-05  6.16320110e-07 
 3.12607937e+00  9.40644335e-05  6.17740874e-07 
 3.13328572e+00  9.40644335e-05  6.19164914e-07 
 3.14050869e+00  9.40644335e-05  6.20592237e-07 
 3.14774831e+00  9.40644335e-05  6.22022849e-07 
 3.15500462e+00  9.40644335e-05  6.23456760e-07 
 3.16227766e+00  9.40644335e-05  6.24893976e-07 
 3.16956746e+00  9.40644335e-05  6.26334506e-07 
 3.17687407e+00  9.40644335e-05  6.27778356e-07 
 3.18419752e+00  9.40644335e-05  6.29225535e-07 
 3.19153786e+00  9.40644335e-05  6.30676049e-07 
 3.19889511e+00  9.40644335e-05  6.32129908e-07 
 3.20626932e+00  9.40644335e-05  6.33587118e-07 
 3.21366054e+00  9.40644335e-05  6.35047687e-07 
 3.22106879e+00  9.40644335e-05  6.36511623e-07 
 3.22849412e+00  9.40644335e-05  6.37978934e-07 
 3.23593657e+00  9.40644335e-05  6.39449627e-07 
 3.24339617e+00  9.40644335e-05  6.40923711e-07 
 3.25087297e+00  9.40644335e-05  6.42401192e-07 
 3.25836701e+00  9.40644335e-05  6.43882080e-07 
 3.26587832e+00  9.40644335e-05  6.45366382e-07 
 3.27340695e+00  9.40644335e-05  6.46854105e-07 
 3.28095293e+00  9.40644335e-05  6.48345257e-07 
 3.28851631e+00  9.40644335e-05  6.49839848e-07 
 3.29609712e+00  9.40644335e-05  6.51337883e-07 
 3.30369541e+00  9.40644335e-05  6.52839372e-07 
 3.31131121e+00  9.40644335e-05  6.54344322e-07 
 3.31894458e+00  9.40644335e-05  6.55852742e-07 
 3.32659553e+00  9.40644335e-05  6.57364638e-07 
 3.33426413e+00  9.40644335e-05  6.58880020e-07 
 3.34195040e+00  9.40644335e-05  6.60398896e-07 
 3.34965439e+00  9.40644335e-05  6.61921272e-07 
 3.35737614e+00  9.40644335e-05  6.63447159e-07 
 3.36511569e+00  9.40644335e-05  6.64976562e-07 
 3.37287309e+00  9.40644335e-05  6.66509491e-07 
 3.38064836e+00  9.40644335e-05  6.68045955e-07 
 3.38844156e+00  9.40644335e-05  6.69585960e-07 
 3.39625273e+00  9.40644335e-05  6.71129515e-07 
 3.40408190e+00  9.40644336e-05  6.72676628e-07 
 3.41192912e+00  9.40644335e-05  6.74227308e-07 
 3.41979443e+00  9.40644335e-05  6.75781562e-07 
 3.42767787e+00  9.40644336e-05  6.77339400e-07 
 3.43557948e+00  9.40644335e-05  6.78900828e-07 
 3.44349931e+00  9.40644335e-05  6.80465856e-07 
 3.45143739e+00  9.40644335e-05  6.82034492e-07 
 3.45939378e+00  9.40644335e-05  6.83606744e-07 
 3.46736850e+00  9.40644336e-05  6.85182620e-07 
 3.47536161e+00  9.40644336e-05  6.86762129e-07 
 3.48337315e+00  9.40644335e-05  6.88345279e-07 
 3.49140315e+00  9.40644335e-05  6.89932079e-07 
 3.49945167e+00  9.40644336e-05  6.91522537e-07 
 3.50751874e+00  9.40644336e-05  6.93116661e-07 
 3.51560441e+00  9.40644335e-05  6.94714460e-07 
 3.52370871e+00  9.40644335e-05  6.96315942e-07 
 3.53183170e+00  9.40644336e-05  6.97921116e-07 
 3.53997341e+00  9.40644336e-05  6.99529990e-07 
 3.54813389e+00  9.40644336e-05  7.01142574e-07 
 3.55631319e+00  9.40644336e-05  7.02758874e-07 
 3.56451133e+00  9.40644336e-05  7.04378901e-07 
 3.57272838e+00  9.40644336e-05  7.06002662e-07 
 3.58096437e+00  9.40644335e-05  7.07630166e-07 
 3.58921935e+00  9.40644336e-05  7.09261422e-07 
 3.59749335e+00  9.40644336e-05  7.10896438e-07 
 3.60578643e+00  9.40644336e-05  7.12535224e-07 
 3.61409863e+00  9.40644336e-05  7.14177787e-07 
 3.62242998e+00  9.40644336e-05  7.15824137e-07 
 3.63078055e+00  9.40644336e-05  7.17474282e-07 
 3.63915036e+00  9.40644336e-05  7.19128231e-07 
 3.64753947e+00  9.40644336e-05  7.20785993e-07 
 3.65594792e+00  9.40644336e-05  7.22447576e-07 
 3.66437575e+00  9.40644336e-05  7.24112990e-07 
 3.67282300e+00  9.40644336e-05  7.25782243e-07 
 3.68128974e+00  9.40644336e-05  7.27455344e-07 
 3.68977599e+00  9.40644336e-05  7.29132301e-07 
 3.69828180e+00  9.40644336e-05  7.30813125e-07 
 3.70680722e+00  9.40644336e-05  7.32497823e-07 
 3.71535229e+00  9.40644336e-05  7.34186405e-07 
 3.72391706e+00  9.40644336e-05  7.35878880e-07 
 3.73250158e+00  9.40644336e-05  7.37575256e-07 
 3.74110588e+00  9.40644336e-05  7.39275542e-07 
 3.74973002e+00  9.40644336e-05  7.40979748e-07 
 3.75837404e+00  9.40644336e-05  7.42687883e-07 
 3.76703799e+00  9.40644336e-05  7.44399955e-07 
 3.77572191e+00  9.40644336e-05  7.46115974e-07 
 3.78442585e+00  9.40644336e-05  7.47835949e-07 
 3.79314985e+00  9.40644336e-05  7.49559889e-07 
 3.80189396e+00  9.40644336e-05  7.51287803e-07 
 3.81065823e+00  9.40644336e-05  7.53019701e-07 
 3.81944271e+00  9.40644336e-05  7.54755590e-07 
 3.82824743e+00  9.40644336e-05  7.56495482e-07 
 3.83707245e+00  9.40644336e-05  7.58239384e-07 
 3.84591782e+00  9.40644336e-05  7.59987306e-07 
 3.85478358e+00  9.40644336e-05  7.61739258e-07 
 3.86366977e+00  9.40644336e-05  7.63495248e-07 
 3.87257645e+00  9.40644336e-05  7.65255286e-07 
 3.88150366e+00  9.40644336e-05  7.67019382e-07 
 3.89045145e+00  9.40644336e-05  7.68787544e-07 
 3.89941987e+00  9.40644336e-05  7.70559783e-07 
 3.90840896e+00  9.40644336e-05  7.72336106e-07 
 3.91741877e+00  9.40644336e-05  7.74116525e-07 
 3.92644935e+00  9.40644336e-05  7.75901048e-07 
 3.93550075e+00  9.40644336e-05  7.77689685e-07 
 3.94457302e+00  9.40644336e-05  7.79482444e-07 
 3.95366620e+00  9.40644336e-05  7.81279337e-07 
 3.96278034e+00  9.40644336e-05  7.83080372e-07 
 3.97191549e+00  9.40644336e-05  7.84885559e-07 
 3.98107171e+00  9.40644336e-05  7.86694907e-07 
 3.99024902e+00  9.40644336e-05  7.88508426e-07 
 3.99944750e+00  9.40644336e-05  7.90326125e-07 
 4.00866718e+00  9.40644336e-05  7.92148015e-07 
 4.01790811e+00  9.40644336e-05  7.93974105e-07 
 4.02717034e+00  9.40644336e-05  7.95804404e-07 
 4.03645393e+00  9.40644336e-05  7.97638923e-07 
 4.04575892e+00  9.40644336e-05  7.99477671e-07 
 4.05508535e+00  9.40644336e-05  8.01320657e-07 
 4.06443329e+00  9.40644336e-05  8.03167892e-07 
 4.07380278e+00  9.40644336e-05  8.05019385e-07 
 4.08319386e+00  9.40644336e-05  8.06875146e-07 
 4.09260660e+00  9.40644336e-05  8.08735186e-07 
 4.10204103e+00  9.40644336e-05  8.10599513e-07 
 4.11149721e+00  9.40644336e-05  8.12468138e-07 
 4.12097519e+00  9.40644336e-05  8.14341070e-07 
 4.13047502e+00  9.40644336e-05  8.16218320e-07 
 4.13999675e+00  9.40644336e-05  8.18099898e-07 
 4.14954043e+00  9.40644337e-05  8.19985813e-07 
 4.15910610e+00  9.40644336e-05  8.21876075e-07 
 4.16869383e+00  9.40644336e-05  8.23770695e-07 
 4.17830367e+00  9.40644336e-05  8.25669683e-07 
 4.18793565e+00  9.40644336e-05  8.27573048e-07 
 4.19758984e+00  9.40644336e-05  8.29480801e-07 
 4.20726628e+00  9.40644336e-05  8.31392952e-07 
 4.21696503e+00  9.40644336e-05  8.33309510e-07 
 4.22668614e+00  9.40644336e-05  8.35230487e-07 
 4.23642966e+00  9.40644336e-05  8.37155892e-07 
 4.24619564e+00  9.40644337e-05  8.39085736e-07 
 4.25598413e+00  9.40644337e-05  8.41020028e-07 
 4.26579519e+00  9.40644336e-05  8.42958780e-07 
 4.27562886e+00  9.40644336e-05  8.44902001e-07 
 4.28548520e+00  9.40644336e-05  8.46849701e-07 
 4.29536427e+00  9.40644337e-05  8.48801891e-07 
 4.30526610e+00  9.40644337e-05  8.50758581e-07 
 4.31519077e+00  9.40644337e-05  8.52719782e-07 
 4.32513831e+00  9.40644337e-05  8.54685505e-07 
 4.33510878e+00  9.40644337e-05  8.56655758e-07 
 4.34510224e+00  9.40644337e-05  8.58630554e-07 
 4.35511874e+00  9.40644337e-05  8.60609901e-07 
 4.36515832e+00  9.40644337e-05  8.62593812e-07 
 4.37522105e+00  9.40644337e-05  8.64582296e-07 
 4.38530698e+00  9.40644337e-05  8.66575364e-07 
 4.39541615e+00  9.40644337e-05  8.68573027e-07 
 4.40554864e+00  9.40644337e-05  8.70575294e-07 
 4.41570447e+00  9.40644337e-05  8.72582178e-07 
 4.42588372e+00  9.40644337e-05  8.74593687e-07 
 4.43608644e+00  9.40644337e-05  8.76609834e-07 
 4.44631267e+00  9.40644337e-05  8.78630628e-07 
 4.45656248e+00  9.40644337e-05  8.80656081e-07 
 4.46683592e+00  9.40644337e-05  8.82686203e-07 
 4.47713304e+00  9.40644337e-05  8.84721005e-07 
 4.48745390e+00  9.40644337e-05  8.86760498e-07 
 4.49779855e+00  9.40644337e-05  8.88804692e-07 
 4.50816705e+00  9.40644337e-05  8.90853598e-07 
 4.51855944e+00  9.40644337e-05  8.92907228e-07 
 4.52897580e+00  9.40644337e-05  8.94965591e-07 
 4.53941617e+00  9.40644337e-05  8.97028700e-07 
 4.54988060e+00  9.40644337e-05  8.99096565e-07 
 4.56036916e+00  9.40644337e-05  9.01169197e-07 
 4.57088190e+00  9.40644337e-05  9.03246606e-07 
 4.58141887e+00  9.40644337e-05  9.05328805e-07 
 4.59198013e+00  9.40644337e-05  9.07415803e-07 
 4.60256574e+00  9.40644337e-05  9.09507612e-07 
 4.61317575e+00  9.40644337e-05  9.11604244e-07 
 4.62381021e+00  9.40644337e-05  9.13705709e-07 
 4.63446920e+00  9.40644337e-05  9.15812018e-07 
 4.64515275e+00  9.40644337e-05  9.17923183e-07 
 4.65586094e+00  9.40644337e-05  9.20039214e-07 
 4.66659380e+00  9.40644337e-05  9.22160124e-07 
 4.67735141e+00  9.40644337e-05  9.24285922e-07 
 4.68813382e+00  9.40644337e-05  9.26416621e-07 
 4.69894109e+00  9.40644337e-05  9.28552232e-07 
 4.70977326e+00  9.40644337e-05  9.30692766e-07 
 4.72063041e+00  9.40644337e-05  9.32838235e-07 
 4.73151259e+00  9.40644337e-05  9.34988649e-07 
 4.74241985e+00  9.40644337e-05  9.37144020e-07 
 4.75335226e+00  9.40644337e-05  9.39304360e-07 
 4.76430987e+00  9.40644337e-05  9.41469681e-07 
 4.77529274e+00  9.40644337e-05  9.43639992e-07 
 4.78630092e+00  9.40644337e-05  9.45815307e-07 
 4.79733449e+00  9.40644337e-05  9.47995637e-07 
 4.80839348e+00  9.40644337e-05  9.50180992e-07 
 4.81947798e+00  9.40644337e-05  9.52371386e-07 
 4.83058802e+00  9.40644337e-05  9.54566828e-07 
 4.84172368e+00  9.40644337e-05  9.56767332e-07 
 4.85288500e+00  9.40644337e-05  9.58972909e-07 
 4.86407206e+00  9.40644337e-05  9.61183570e-07 
 4.87528490e+00  9.40644337e-05  9.63399327e-07 
 4.88652359e+00  9.40644338e-05  9.65620191e-07 
 4.89778819e+00  9.40644337e-05  9.67846176e-07 
 4.90907876e+00  9.40644338e-05  9.70077292e-07 
 4.92039536e+00  9.40644338e-05  9.72313551e-07 
 4.93173804e+00  9.40644338e-05  9.74554965e-07 
 4.94310687e+00  9.40644338e-05  9.76801546e-07 
 4.95450191e+00  9.40644337e-05  9.79053306e-07 
 4.96592321e+00  9.40644338e-05  9.81310257e-07 
 4.97737085e+00  9.40644338e-05  9.83572411e-07 
 4.98884487e+00  9.40644338e-05  9.85839780e-07 
 5.00034535e+00  9.40644338e-05  9.88112375e-07 
 5.01187234e+00  9.40644338e-05  9.90390209e-07 
 5.02342590e+00  9.40644338e-05  9.92673295e-07 
 5.03500609e+00  9.40644338e-05  9.94961643e-07 
 5.04661298e+00  9.40644338e-05  9.97255266e-07 
 5.05824662e+00  9.40644338e-05  9.99554177e-07 
 5.06990708e+00  9.40644338e-05  1.00185839e-06 
 5.08159443e+00  9.40644338e-05  1.00416791e-06 
 5.09330871e+00  9.40644338e-05  1.00648276e-06 
 5.10505000e+00  9.40644338e-05  1.00880294e-06 
 5.11681836e+00  9.40644338e-05  1.01112847e-06 
 5.12861384e+00  9.40644338e-05  1.01345936e-06 
 5.14043652e+00  9.40644338e-05  1.01579563e-06 
 5.15228645e+00  9.40644338e-05  1.01813728e-06 
 5.16416369e+00  9.40644338e-05  1.02048433e-06 
 5.17606832e+00  9.40644338e-05  1.02283678e-06 
 5.18800039e+00  9.40644338e-05  1.02519467e-06 
 5.19995997e+00  9.40644338e-05  1.02755798e-06 
 5.21194711e+00  9.40644338e-05  1.02992675e-06 
 5.22396189e+00  9.40644338e-05  1.03230098e-06 
 5.23600437e+00  9.40644338e-05  1.03468068e-06 
 5.24807460e+00  9.40644338e-05  1.03706586e-06 
 5.26017266e+00  9.40644338e-05  1.03945655e-06 
 5.27229861e+00  9.40644338e-05  1.04185274e-06 
 5.28445252e+00  9.40644338e-05  1.04425446e-06 
 5.29663444e+00  9.40644338e-05  1.04666171e-06 
 5.30884444e+00  9.40644338e-05  1.04907452e-06 
 5.32108259e+00  9.40644338e-05  1.05149289e-06 
 5.33334895e+00  9.40644338e-05  1.05391683e-06 
 5.34564359e+00  9.40644338e-05  1.05634636e-06 
 5.35796658e+00  9.40644338e-05  1.05878149e-06 
 5.37031796e+00  9.40644338e-05  1.06122223e-06 
 5.38269783e+00  9.40644338e-05  1.06366860e-06 
 5.39510623e+00  9.40644338e-05  1.06612061e-06 
 5.40754323e+00  9.40644338e-05  1.06857827e-06 
 5.42000890e+00  9.40644338e-05  1.07104160e-06 
 5.43250331e+00  9.40644338e-05  1.07351060e-06 
 5.44502653e+00  9.40644338e-05  1.07598530e-06 
 5.45757861e+00  9.40644339e-05  1.07846570e-06 
 5.47015963e+00  9.40644338e-05  1.08095182e-06 
 5.48276965e+00  9.40644338e-05  1.08344367e-06 
 5.49540874e+00  9.40644339e-05  1.08594127e-06 
 5.50807696e+00  9.40644339e-05  1.08844462e-06 
 5.52077439e+00  9.40644339e-05  1.09095375e-06 
 5.53350109e+00  9.40644339e-05  1.09346866e-06 
 5.54625713e+00  9.40644339e-05  1.09598936e-06 
 5.55904257e+00  9.40644339e-05  1.09851588e-06 
 5.57185749e+00  9.40644339e-05  1.10104822e-06 
 5.58470195e+00  9.40644339e-05  1.10358640e-06 
 5.59757601e+00  9.40644339e-05  1.10613043e-06 
 5.61047976e+00  9.40644339e-05  1.10868032e-06 
 5.62341325e+00  9.40644339e-05  1.11123609e-06 
 5.63637656e+00  9.40644339e-05  1.11379776e-06 
 5.64936975e+00  9.40644339e-05  1.11636532e-06 
 5.66239289e+00  9.40644339e-05  1.11893881e-06 
 5.67544605e+00  9.40644339e-05  1.12151823e-06 
 5.68852931e+00  9.40644339e-05  1.12410360e-06 
 5.70164272e+00  9.40644339e-05  1.12669493e-06 
 5.71478637e+00  9.40644339e-05  1.12929223e-06 
 5.72796031e+00  9.40644339e-05  1.13189551e-06 
 5.74116462e+00  9.40644339e-05  1.13450480e-06 
 5.75439937e+00  9.40644339e-05  1.13712011e-06 
 5.76766463e+00  9.40644339e-05  1.13974144e-06 
 5.78096047e+00  9.40644339e-05  1.14236881e-06 
 5.79428696e+00  9.40644339e-05  1.14500225e-06 
 5.80764418e+00  9.40644339e-05  1.14764175e-06 
 5.82103218e+00  9.40644339e-05  1.15028734e-06 
 5.83445104e+00  9.40644339e-05  1.15293902e-06 
 5.84790084e+00  9.40644339e-05  1.15559682e-06 
 5.86138165e+00  9.40644339e-05  1.15826075e-06 
 5.87489353e+00  9.40644339e-05  1.16093081e-06 
 5.88843655e+00  9.40644339e-05  1.16360704e-06 
 5.90201080e+00  9.40644339e-05  1.16628943e-06 
 5.91561634e+00  9.40644339e-05  1.16897800e-06 
 5.92925325e+00  9.40644339e-05  1.17167277e-06 
 5.94292159e+00  9.40644339e-05  1.17437376e-06 
 5.95662144e+00  9.40644339e-05  1.17708097e-06 
 5.97035287e+00  9.40644340e-05  1.17979442e-06 
 5.98411595e+00  9.40644339e-05  1.18251413e-06 
 5.99791076e+00  9.40644339e-05  1.18524011e-06 
 6.01173737e+00  9.40644340e-05  1.18797237e-06 
 6.02559586e+00  9.40644339e-05  1.19071093e-06 
 6.03948629e+00  9.40644339e-05  1.19345580e-06 
 6.05340875e+00  9.40644340e-05  1.19620700e-06 
 6.06736330e+00  9.40644340e-05  1.19896454e-06 
 6.08135001e+00  9.40644340e-05  1.20172844e-06 
 6.09536897e+00  9.40644340e-05  1.20449871e-06 
 6.10942025e+00  9.40644340e-05  1.20727536e-06 
 6.12350392e+00  9.40644340e-05  1.21005842e-06 
 6.13762005e+00  9.40644340e-05  1.21284789e-06 
 6.15176873e+00  9.40644340e-05  1.21564380e-06 
 6.16595002e+00  9.40644340e-05  1.21844615e-06 
 6.18016400e+00  9.40644340e-05  1.22125495e-06 
 6.19441075e+00  9.40644340e-05  1.22407024e-06 
 6.20869034e+00  9.40644340e-05  1.22689201e-06 
 6.22300285e+00  9.40644340e-05  1.22972029e-06 
 6.23734835e+00  9.40644340e-05  1.23255509e-06 
 6.25172693e+00  9.40644340e-05  1.23539642e-06 
 6.26613865e+00  9.40644340e-05  1.23824430e-06 
 6.28058359e+00  9.40644340e-05  1.24109875e-06 
 6.29506183e+00  9.40644340e-05  1.24395978e-06 
 6.30957344e+00  9.40644340e-05  1.24682740e-06 
 6.32411851e+00  9.40644340e-05  1.24970164e-06 
 6.33869711e+00  9.40644340e-05  1.25258250e-06 
 6.35330932e+00  9.40644340e-05  1.25547000e-06 
 6.36795521e+00  9.40644340e-05  1.25836415e-06 
 6.38263486e+00  9.40644340e-05  1.26126498e-06 
 6.39734835e+00  9.40644340e-05  1.26417250e-06 
 6.41209577e+00  9.40644340e-05  1.26708672e-06 
 6.42687717e+00  9.40644340e-05  1.27000765e-06 
 6.44169266e+00  9.40644340e-05  1.27293532e-06 
 6.45654229e+00  9.40644340e-05  1.27586974e-06 
 6.47142616e+00  9.40644340e-05  1.27881093e-06 
 6.48634434e+00  9.40644340e-05  1.28175889e-06 
 6.50129690e+00  9.40644340e-05  1.28471365e-06 
 6.51628394e+00  9.40644340e-05  1.28767522e-06 
 6.53130553e+00  9.40644341e-05  1.29064362e-06 
 6.54636174e+00  9.40644341e-05  1.29361886e-06 
 6.56145266e+00  9.40644341e-05  1.29660096e-06 
 6.57657837e+00  9.40644341e-05  1.29958993e-06 
 6.59173895e+00  9.40644341e-05  1.30258580e-06 
 6.60693448e+00  9.40644341e-05  1.30558857e-06 
 6.62216504e+00  9.40644341e-05  1.30859826e-06 
 6.63743070e+00  9.40644341e-05  1.31161489e-06 
 6.65273156e+00  9.40644341e-05  1.31463847e-06 
 6.66806769e+00  9.40644341e-05  1.31766903e-06 
 6.68343918e+00  9.40644341e-05  1.32070657e-06 
 6.69884609e+00  9.40644341e-05  1.32375111e-06 
 6.71428853e+00  9.40644341e-05  1.32680267e-06 
 6.72976656e+00  9.40644341e-05  1.32986127e-06 
 6.74528028e+00  9.40644341e-05  1.33292692e-06 
 6.76082975e+00  9.40644341e-05  1.33599963e-06 
 6.77641508e+00  9.40644341e-05  1.33907943e-06 
 6.79203633e+00  9.40644341e-05  1.34216633e-06 
 6.80769359e+00  9.40644341e-05  1.34526034e-06 
 6.82338694e+00  9.40644341e-05  1.34836148e-06 
 6.83911647e+00  9.40644341e-05  1.35146978e-06 
 6.85488226e+00  9.40644341e-05  1.35458524e-06 
 6.87068440e+00  9.40644341e-05  1.35770788e-06 
 6.88652296e+00  9.40644341e-05  1.36083772e-06 
 6.90239804e+00  9.40644341e-05  1.36397477e-06 
 6.91830971e+00  9.40644341e-05  1.36711906e-06 
 6.93425806e+00  9.40644341e-05  1.37027060e-06 
 6.95024318e+00  9.40644342e-05  1.37342940e-06 
 6.96626514e+00  9.40644341e-05  1.37659548e-06 
 6.98232404e+00  9.40644341e-05  1.37976886e-06 
 6.99841996e+00  9.40644342e-05  1.38294955e-06 
 7.01455298e+00  9.40644341e-05  1.38613758e-06 
 7.03072320e+00  9.40644342e-05  1.38933296e-06 
 7.04693069e+00  9.40644342e-05  1.39253570e-06 
 7.06317554e+00  9.40644342e-05  1.39574583e-06 
 7.07945784e+00  9.40644342e-05  1.39896335e-06 
 7.09577768e+00  9.40644342e-05  1.40218830e-06 
 7.11213514e+00  9.40644342e-05  1.40542068e-06 
 7.12853030e+00  9.40644342e-05  1.40866051e-06 
 7.14496326e+00  9.40644342e-05  1.41190780e-06 
 7.16143410e+00  9.40644342e-05  1.41516259e-06 
 7.17794291e+00  9.40644342e-05  1.41842487e-06 
 7.19448978e+00  9.40644342e-05  1.42169468e-06 
 7.21107479e+00  9.40644342e-05  1.42497203e-06 
 7.22769804e+00  9.40644342e-05  1.42825692e-06 
 7.24435960e+00  9.40644342e-05  1.43154940e-06 
 7.26105957e+00  9.40644342e-05  1.43484946e-06 
 7.27779805e+00  9.40644342e-05  1.43815713e-06 
 7.29457510e+00  9.40644342e-05  1.44147242e-06 
 7.31139083e+00  9.40644342e-05  1.44479536e-06 
 7.32824533e+00  9.40644342e-05  1.44812596e-06 
 7.34513868e+00  9.40644342e-05  1.45146423e-06 
 7.36207097e+00  9.40644342e-05  1.45481020e-06 
 7.37904230e+00  9.40644342e-05  1.45816389e-06 
 7.39605275e+00  9.40644342e-05  1.46152530e-06 
 7.41310241e+00  9.40644342e-05  1.46489447e-06 
 7.43019138e+00  9.40644343e-05  1.46827140e-06 
 7.44731974e+00  9.40644342e-05  1.47165611e-06 
 7.46448758e+00  9.40644343e-05  1.47504863e-06 
 7.48169501e+00  9.40644343e-05  1.47844897e-06 
 7.49894209e+00  9.40644343e-05  1.48185714e-06 
 7.51622894e+00  9.40644343e-05  1.48527318e-06 
 7.53355564e+00  9.40644343e-05  1.48869709e-06 
 7.55092228e+00  9.40644343e-05  1.49212889e-06 
 7.56832895e+00  9.40644343e-05  1.49556860e-06 
 7.58577575e+00  9.40644343e-05  1.49901624e-06 
 7.60326277e+00  9.40644343e-05  1.50247183e-06 
 7.62079010e+00  9.40644343e-05  1.50593539e-06 
 7.63835784e+00  9.40644343e-05  1.50940693e-06 
 7.65596607e+00  9.40644343e-05  1.51288647e-06 
 7.67361489e+00  9.40644343e-05  1.51637403e-06 
 7.69130440e+00  9.40644343e-05  1.51986963e-06 
 7.70903469e+00  9.40644343e-05  1.52337330e-06 
 7.72680585e+00  9.40644343e-05  1.52688503e-06 
 7.74461798e+00  9.40644343e-05  1.53040487e-06 
 7.76247117e+00  9.40644344e-05  1.53393282e-06 
 7.78036551e+00  9.40644343e-05  1.53746890e-06 
 7.79830111e+00  9.40644343e-05  1.54101313e-06 
 7.81627805e+00  9.40644344e-05  1.54456553e-06 
 7.83429643e+00  9.40644344e-05  1.54812612e-06 
 7.85235635e+00  9.40644344e-05  1.55169492e-06 
 7.87045790e+00  9.40644344e-05  1.55527195e-06 
 7.88860118e+00  9.40644344e-05  1.55885722e-06 
 7.90678628e+00  9.40644344e-05  1.56245076e-06 
 7.92501330e+00  9.40644344e-05  1.56605258e-06 
 7.94328235e+00  9.40644344e-05  1.56966270e-06 
 7.96159350e+00  9.40644344e-05  1.57328115e-06 
 7.97994687e+00  9.40644344e-05  1.57690793e-06 
 7.99834255e+00  9.40644344e-05  1.58054308e-06 
 8.01678063e+00  9.40644344e-05  1.58418661e-06 
 8.03526122e+00  9.40644344e-05  1.58783854e-06 
 8.05378441e+00  9.40644344e-05  1.59149888e-06 
 8.07235030e+00  9.40644344e-05  1.59516767e-06 
 8.09095899e+00  9.40644344e-05  1.59884491e-06 
 8.10961058e+00  9.40644344e-05  1.60253063e-06 
 8.12830516e+00  9.40644344e-05  1.60622484e-06 
 8.14704284e+00  9.40644344e-05  1.60992757e-06 
 8.16582371e+00  9.40644344e-05  1.61363884e-06 
 8.18464788e+00  9.40644344e-05  1.61735866e-06 
 8.20351544e+00  9.40644345e-05  1.62108706e-06 
 8.22242650e+00  9.40644345e-05  1.62482405e-06 
 8.24138115e+00  9.40644345e-05  1.62856966e-06 
 8.26037950e+00  9.40644345e-05  1.63232390e-06 
 8.27942164e+00  9.40644345e-05  1.63608679e-06 
 8.29850768e+00  9.40644345e-05  1.63985836e-06 
 8.31763771e+00  9.40644345e-05  1.64363862e-06 
 8.33681185e+00  9.40644345e-05  1.64742760e-06 
 8.35603018e+00  9.40644345e-05  1.65122532e-06 
 8.37529282e+00  9.40644345e-05  1.65503178e-06 
 8.39459987e+00  9.40644345e-05  1.65884703e-06 
 8.41395142e+00  9.40644345e-05  1.66267106e-06 
 8.43334758e+00  9.40644345e-05  1.66650392e-06 
 8.45278845e+00  9.40644345e-05  1.67034560e-06 
 8.47227414e+00  9.40644345e-05  1.67419615e-06 
 8.49180475e+00  9.40644345e-05  1.67805557e-06 
 8.51138038e+00  9.40644345e-05  1.68192389e-06 
 8.53100114e+00  9.40644346e-05  1.68580112e-06 
 8.55066713e+00  9.40644346e-05  1.68968729e-06 
 8.57037845e+00  9.40644346e-05  1.69358243e-06 
 8.59013522e+00  9.40644346e-05  1.69748654e-06 
 8.60993752e+00  9.40644346e-05  1.70139965e-06 
 8.62978548e+00  9.40644346e-05  1.70532178e-06 
 8.64967919e+00  9.40644346e-05  1.70925295e-06 
 8.66961876e+00  9.40644346e-05  1.71319319e-06 
 8.68960429e+00  9.40644346e-05  1.71714250e-06 
 8.70963590e+00  9.40644346e-05  1.72110093e-06 
 8.72971368e+00  9.40644346e-05  1.72506847e-06 
 8.74983775e+00  9.40644346e-05  1.72904517e-06 
 8.77000821e+00  9.40644346e-05  1.73303103e-06 
 8.79022517e+00  9.40644346e-05  1.73702608e-06 
 8.81048873e+00  9.40644346e-05  1.74103034e-06 
 8.83079900e+00  9.40644346e-05  1.74504383e-06 
 8.85115610e+00  9.40644346e-05  1.74906657e-06 
 8.87156012e+00  9.40644347e-05  1.75309858e-06 
 8.89201118e+00  9.40644346e-05  1.75713989e-06 
 8.91250938e+00  9.40644347e-05  1.76119052e-06 
 8.93305484e+00  9.40644347e-05  1.76525048e-06 
 8.95364766e+00  9.40644347e-05  1.76931980e-06 
 8.97428795e+00  9.40644347e-05  1.77339851e-06 
 8.99497582e+00  9.40644347e-05  1.77748661e-06 
 9.01571138e+00  9.40644347e-05  1.78158414e-06 
 9.03649474e+00  9.40644347e-05  1.78569112e-06 
 9.05732601e+00  9.40644347e-05  1.78980756e-06 
 9.07820530e+00  9.40644347e-05  1.79393349e-06 
 9.09913273e+00  9.40644347e-05  1.79806894e-06 
 9.12010839e+00  9.40644347e-05  1.80221391e-06 
 9.14113241e+00  9.40644347e-05  1.80636845e-06 
 9.16220490e+00  9.40644347e-05  1.81053256e-06 
 9.18332596e+00  9.40644347e-05  1.81470626e-06 
 9.20449572e+00  9.40644347e-05  1.81888959e-06 
 9.22571427e+00  9.40644348e-05  1.82308257e-06 
 9.24698174e+00  9.40644348e-05  1.82728521e-06 
 9.26829823e+00  9.40644348e-05  1.83149753e-06 
 9.28966387e+00  9.40644348e-05  1.83571957e-06 
 9.31107875e+00  9.40644348e-05  1.83995134e-06 
 9.33254301e+00  9.40644348e-05  1.84419287e-06 
 9.35405674e+00  9.40644348e-05  1.84844417e-06 
 9.37562007e+00  9.40644348e-05  1.85270528e-06 
 9.39723311e+00  9.40644348e-05  1.85697620e-06 
 9.41889597e+00  9.40644348e-05  1.86125698e-06 
 9.44060876e+00  9.40644348e-05  1.86554762e-06 
 9.46237161e+00  9.40644348e-05  1.86984815e-06 
 9.48418463e+00  9.40644348e-05  1.87415859e-06 
 9.50604794e+00  9.40644348e-05  1.87847897e-06 
 9.52796164e+00  9.40644348e-05  1.88280932e-06 
 9.54992586e+00  9.40644348e-05  1.88714964e-06 
 9.57194071e+00  9.40644349e-05  1.89149997e-06 
 9.59400632e+00  9.40644349e-05  1.89586033e-06 
 9.61612278e+00  9.40644349e-05  1.90023074e-06 
 9.63829024e+00  9.40644349e-05  1.90461122e-06 
 9.66050879e+00  9.40644349e-05  1.90900180e-06 
 9.68277856e+00  9.40644349e-05  1.91340251e-06 
 9.70509967e+00  9.40644349e-05  1.91781335e-06 
 9.72747224e+00  9.40644349e-05  1.92223437e-06 
 9.74989638e+00  9.40644349e-05  1.92666558e-06 
 9.77237221e+00  9.40644349e-05  1.93110700e-06 
 9.79489985e+00  9.40644349e-05  1.93555866e-06 
 9.81747943e+00  9.40644349e-05  1.94002059e-06 
 9.84011106e+00  9.40644349e-05  1.94449280e-06 
 9.86279486e+00  9.40644350e-05  1.94897531e-06 
 9.88553095e+00  9.40644350e-05  1.95346817e-06 
 9.90831945e+00  9.40644350e-05  1.95797138e-06 
 9.93116048e+00  9.40644350e-05  1.96248497e-06 
 9.95405417e+00  9.40644350e-05  1.96700896e-06 
 9.97700064e+00  9.40644350e-05  1.97154338e-06 
 1.00000000e+01  9.40644350e-05  1.97608826e-06 
