 0.000000e+00  0.000000e+00  0.000000e+00  4.774751e-05 
 1.000000e-11  2.000000e-02  1.000000e-11  2.273899e-04 
 2.000000e-11  4.000000e-02  2.000000e-11  4.016529e-04 
 4.000000e-11  8.000000e-02  4.000000e-11  7.214124e-04 
 8.000000e-11  1.600000e-01  8.000000e-11  1.216506e-03 
 1.600000e-10  3.200000e-01  1.600000e-10  1.843724e-03 
 2.700761e-10  5.401521e-01  2.700761e-10  2.172222e-03 
 4.464363e-10  8.928725e-01  4.464363e-10  1.917171e-03 
 6.403762e-10  1.280752e+00  6.403762e-10  1.033369e-03 
 8.779622e-10  1.755924e+00  8.779622e-10 -5.312917e-04 
 1.000000e-09  2.000000e+00  1.000000e-09 -1.492848e-03 
 1.012132e-09  2.000000e+00  1.012132e-09 -1.753991e-03 
 1.036396e-09  2.000000e+00  1.036396e-09 -2.244185e-03 
 1.084924e-09  2.000000e+00  1.084924e-09 -3.073405e-03 
 1.181980e-09  2.000000e+00  1.181980e-09 -4.367931e-03 
 1.376093e-09  2.000000e+00  1.376093e-09 -6.245358e-03 
 1.640177e-09  2.000000e+00  1.640177e-09 -8.070672e-03 
 2.106061e-09  2.000000e+00  2.106061e-09 -1.033078e-02 
 2.839395e-09  2.000000e+00  2.839395e-09 -1.256187e-02 
 4.104984e-09  2.000000e+00  4.104984e-09 -1.446187e-02 
 5.896195e-09  2.000000e+00  5.896195e-09 -1.428441e-02 
 9.119388e-09  2.000000e+00  9.119388e-09 -5.963258e-03 
 1.556578e-08  2.000000e+00  1.556578e-08  3.926960e-02 
 2.673987e-08  2.000000e+00  2.673987e-08  1.772653e-01 
 4.008259e-08  2.000000e+00  4.008259e-08  3.852184e-01 
 6.105870e-08  2.000000e+00  6.105870e-08  7.296366e-01 
 9.619261e-08  2.000000e+00  9.619261e-08  1.310061e+00 
 1.370500e-07  2.000000e+00  1.370500e-07  1.924674e+00 
 1.662240e-07  2.000000e+00  1.662240e-07  2.175312e+00 
 1.883624e-07  2.000000e+00  1.883624e-07  2.244458e+00 
 2.052682e-07  2.000000e+00  2.052682e-07  2.278627e+00 
 2.222879e-07  2.000000e+00  2.222879e-07  2.269489e+00 
 2.413539e-07  2.000000e+00  2.413539e-07  2.226311e+00 
 2.608371e-07  2.000000e+00  2.608371e-07  2.185878e+00 
 2.800808e-07  2.000000e+00  2.800808e-07  2.144328e+00 
 3.185683e-07  2.000000e+00  3.185683e-07  2.057599e+00 
 3.539527e-07  2.000000e+00  3.539527e-07  1.892332e+00 
 3.818607e-07  2.000000e+00  3.818607e-07  1.765630e+00 
 4.002263e-07  2.000000e+00  4.002263e-07  1.872329e+00 
 4.110490e-07  2.000000e+00  4.110490e-07  2.012621e+00 
 4.216966e-07  2.000000e+00  4.216966e-07  2.108738e+00 
 4.315956e-07  2.000000e+00  4.315956e-07  2.148439e+00 
 4.415842e-07  2.000000e+00  4.415842e-07  2.172841e+00 
 4.510283e-07  2.000000e+00  4.510283e-07  2.195810e+00 
 4.616212e-07  2.000000e+00  4.616212e-07  2.219929e+00 
 4.781315e-07  2.000000e+00  4.781315e-07  2.226973e+00 
 4.945957e-07  2.000000e+00  4.945957e-07  2.196547e+00 
 5.098737e-07  2.000000e+00  5.098737e-07  2.162957e+00 
 5.291877e-07  2.000000e+00  5.291877e-07  2.121494e+00 
 5.616550e-07  2.000000e+00  5.616550e-07  2.045952e+00 
 5.921394e-07  2.000000e+00  5.921394e-07  1.907563e+00 
 6.242248e-07  2.000000e+00  6.242248e-07  1.767299e+00 
 6.417097e-07  2.000000e+00  6.417097e-07  1.865729e+00 
 6.535187e-07  2.000000e+00  6.535187e-07  2.014816e+00 
 6.650376e-07  2.000000e+00  6.650376e-07  2.113604e+00 
 6.737067e-07  2.000000e+00  6.737067e-07  2.145860e+00 
 6.825416e-07  2.000000e+00  6.825416e-07  2.167327e+00 
 6.922198e-07  2.000000e+00  6.922198e-07  2.190769e+00 
 7.019431e-07  2.000000e+00  7.019431e-07  2.213268e+00 
 7.209748e-07  2.000000e+00  7.209748e-07  2.223598e+00 
 7.384466e-07  2.000000e+00  7.384466e-07  2.192062e+00 
 7.542728e-07  2.000000e+00  7.542728e-07  2.156910e+00 
 7.752519e-07  2.000000e+00  7.752519e-07  2.111790e+00 
 8.061483e-07  2.000000e+00  8.061483e-07  2.038376e+00 
 8.392658e-07  2.000000e+00  8.392658e-07  1.877009e+00 
 8.692441e-07  2.000000e+00  8.692441e-07  1.773551e+00 
 8.870984e-07  2.000000e+00  8.870984e-07  1.900840e+00 
 9.005325e-07  2.000000e+00  9.005325e-07  2.059395e+00 
 9.117190e-07  2.000000e+00  9.117190e-07  2.134303e+00 
 9.188800e-07  2.000000e+00  9.188800e-07  2.155300e+00 
 9.266163e-07  2.000000e+00  9.266163e-07  2.173908e+00 
 9.379714e-07  2.000000e+00  9.379714e-07  2.201433e+00 
 9.492894e-07  2.000000e+00  9.492894e-07  2.225979e+00 
 9.658337e-07  2.000000e+00  9.658337e-07  2.225737e+00 
 9.824724e-07  2.000000e+00  9.824724e-07  2.190968e+00 
 9.978070e-07  2.000000e+00  9.978070e-07  2.158175e+00 
 1.016446e-06  2.000000e+00  1.016446e-06  2.117831e+00 
 1.053723e-06  2.000000e+00  1.053723e-06  2.027562e+00 
 1.089938e-06  2.000000e+00  1.089938e-06  1.842283e+00 
 1.123303e-06  2.000000e+00  1.123303e-06  1.818379e+00 
 1.143293e-06  2.000000e+00  1.143293e-06  1.994846e+00 
 1.159384e-06  2.000000e+00  1.159384e-06  2.119943e+00 
 1.169445e-06  2.000000e+00  1.169445e-06  2.151567e+00 
 1.180096e-06  2.000000e+00  1.180096e-06  2.176763e+00 
 1.192357e-06  2.000000e+00  1.192357e-06  2.205787e+00 
 1.205187e-06  2.000000e+00  1.205187e-06  2.225366e+00 
 1.224096e-06  2.000000e+00  1.224096e-06  2.206081e+00 
 1.243162e-06  2.000000e+00  1.243162e-06  2.161209e+00 
 1.264429e-06  2.000000e+00  1.264429e-06  2.116819e+00 
 1.285266e-06  2.000000e+00  1.285266e-06  2.068981e+00 
 1.313970e-06  2.000000e+00  1.313970e-06  1.971847e+00 
 1.343915e-06  2.000000e+00  1.343915e-06  1.787035e+00 
 1.360362e-06  2.000000e+00  1.360362e-06  1.737110e+00 
 1.377723e-06  2.000000e+00  1.377723e-06  1.877171e+00 
 1.389295e-06  2.000000e+00  1.389295e-06  2.028822e+00 
 1.399923e-06  2.000000e+00  1.399923e-06  2.118716e+00 
 1.409352e-06  2.000000e+00  1.409352e-06  2.153015e+00 
 1.418724e-06  2.000000e+00  1.418724e-06  2.175771e+00 
 1.429268e-06  2.000000e+00  1.429268e-06  2.201494e+00 
 1.439800e-06  2.000000e+00  1.439800e-06  2.224906e+00 
 1.455773e-06  2.000000e+00  1.455773e-06  2.228605e+00 
 1.472197e-06  2.000000e+00  1.472197e-06  2.196423e+00 
 1.491033e-06  2.000000e+00  1.491033e-06  2.155570e+00 
 1.508428e-06  2.000000e+00  1.508428e-06  2.118102e+00 
 1.543220e-06  2.000000e+00  1.543220e-06  2.035439e+00 
 1.578116e-06  2.000000e+00  1.578116e-06  1.861435e+00 
 1.600530e-06  2.000000e+00  1.600530e-06  1.744917e+00 
 1.619946e-06  2.000000e+00  1.619946e-06  1.853654e+00 
 1.630397e-06  2.000000e+00  1.630397e-06  1.996020e+00 
 1.641022e-06  2.000000e+00  1.641022e-06  2.101830e+00 
 1.650513e-06  2.000000e+00  1.650513e-06  2.145820e+00 
 1.658054e-06  2.000000e+00  1.658054e-06  2.164963e+00 
 1.666021e-06  2.000000e+00  1.666021e-06  2.184515e+00 
 1.675669e-06  2.000000e+00  1.675669e-06  2.207512e+00 
 1.693962e-06  2.000000e+00  1.693962e-06  2.230635e+00 
 1.714350e-06  2.000000e+00  1.714350e-06  2.202942e+00 
 1.737468e-06  2.000000e+00  1.737468e-06  2.149151e+00 
 1.758331e-06  2.000000e+00  1.758331e-06  2.105605e+00 
 1.785114e-06  2.000000e+00  1.785114e-06  2.041459e+00 
 1.817001e-06  2.000000e+00  1.817001e-06  1.890080e+00 
 1.841055e-06  2.000000e+00  1.841055e-06  1.748695e+00 
 1.861286e-06  2.000000e+00  1.861286e-06  1.838820e+00 
 1.875259e-06  2.000000e+00  1.875259e-06  2.015108e+00 
 1.887570e-06  2.000000e+00  1.887570e-06  2.116984e+00 
 1.895012e-06  2.000000e+00  1.895012e-06  2.143445e+00 
 1.904945e-06  2.000000e+00  1.904945e-06  2.167691e+00 
 1.914606e-06  2.000000e+00  1.914606e-06  2.191053e+00 
 1.924428e-06  2.000000e+00  1.924428e-06  2.213629e+00 
 1.941367e-06  2.000000e+00  1.941367e-06  2.224611e+00 
 1.958170e-06  2.000000e+00  1.958170e-06  2.195832e+00 
 1.973939e-06  2.000000e+00  1.973939e-06  2.160665e+00 
 1.993999e-06  2.000000e+00  1.993999e-06  2.117701e+00 
 2.022055e-06  2.000000e+00  2.022055e-06  2.052807e+00 
 2.054093e-06  2.000000e+00  2.054093e-06  1.908930e+00 
 2.084438e-06  2.000000e+00  2.084438e-06  1.762729e+00 
 2.103021e-06  2.000000e+00  2.103021e-06  1.860566e+00 
 2.119479e-06  2.000000e+00  2.119479e-06  2.050896e+00 
 2.132261e-06  2.000000e+00  2.132261e-06  2.135159e+00 
 2.140162e-06  2.000000e+00  2.140162e-06  2.157423e+00 
 2.148560e-06  2.000000e+00  2.148560e-06  2.177282e+00 
 2.159810e-06  2.000000e+00  2.159810e-06  2.204427e+00 
 2.172046e-06  2.000000e+00  2.172046e-06  2.227630e+00 
 2.189653e-06  2.000000e+00  2.189653e-06  2.217957e+00 
 2.207692e-06  2.000000e+00  2.207692e-06  2.176663e+00 
 2.224775e-06  2.000000e+00  2.224775e-06  2.141049e+00 
 2.244069e-06  2.000000e+00  2.244069e-06  2.098408e+00 
 2.276571e-06  2.000000e+00  2.276571e-06  2.015260e+00 
 2.310179e-06  2.000000e+00  2.310179e-06  1.838368e+00 
 2.341845e-06  2.000000e+00  2.341845e-06  1.803747e+00 
 2.359537e-06  2.000000e+00  2.359537e-06  1.964673e+00 
 2.377806e-06  2.000000e+00  2.377806e-06  2.124142e+00 
 2.391180e-06  2.000000e+00  2.391180e-06  2.171858e+00 
 2.405310e-06  2.000000e+00  2.405310e-06  2.206479e+00 
 2.420208e-06  2.000000e+00  2.420208e-06  2.237567e+00 
 2.437882e-06  2.000000e+00  2.437882e-06  2.229984e+00 
 2.455850e-06  2.000000e+00  2.455850e-06  2.189790e+00 
 2.474800e-06  2.000000e+00  2.474800e-06  2.149991e+00 
 2.493558e-06  2.000000e+00  2.493558e-06  2.108967e+00 
 2.531072e-06  2.000000e+00  2.531072e-06  2.013034e+00 
 2.569838e-06  2.000000e+00  2.569838e-06  1.805477e+00 
 2.605677e-06  2.000000e+00  2.605677e-06  1.862852e+00 
 2.621945e-06  2.000000e+00  2.621945e-06  2.033743e+00 
 2.637288e-06  2.000000e+00  2.637288e-06  2.136677e+00 
 2.647750e-06  2.000000e+00  2.647750e-06  2.165040e+00 
 2.657441e-06  2.000000e+00  2.657441e-06  2.187834e+00 
 2.671406e-06  2.000000e+00  2.671406e-06  2.220103e+00 
 2.686503e-06  2.000000e+00  2.686503e-06  2.226280e+00 
 2.703748e-06  2.000000e+00  2.703748e-06  2.195560e+00 
 2.722165e-06  2.000000e+00  2.722165e-06  2.154598e+00 
 2.740552e-06  2.000000e+00  2.740552e-06  2.115327e+00 
 2.776165e-06  2.000000e+00  2.776165e-06  2.029253e+00 
 2.810801e-06  2.000000e+00  2.810801e-06  1.853880e+00 
 2.838587e-06  2.000000e+00  2.838587e-06  1.770044e+00 
 2.857314e-06  2.000000e+00  2.857314e-06  1.916721e+00 
 2.874186e-06  2.000000e+00  2.874186e-06  2.096497e+00 
 2.888083e-06  2.000000e+00  2.888083e-06  2.166984e+00 
 2.897180e-06  2.000000e+00  2.897180e-06  2.190527e+00 
 2.906566e-06  2.000000e+00  2.906566e-06  2.213454e+00 
 2.918693e-06  2.000000e+00  2.918693e-06  2.240470e+00 
 2.934116e-06  2.000000e+00  2.934116e-06  2.240481e+00 
 2.949844e-06  2.000000e+00  2.949844e-06  2.208746e+00 
 2.965781e-06  2.000000e+00  2.965781e-06  2.174446e+00 
 2.983986e-06  2.000000e+00  2.983986e-06  2.135479e+00 
 3.020397e-06  2.000000e+00  3.020397e-06  2.052309e+00 
 3.054916e-06  2.000000e+00  3.054916e-06  1.889264e+00 
 3.081954e-06  2.000000e+00  3.081954e-06  1.761098e+00 
 3.101216e-06  2.000000e+00  3.101216e-06  1.873056e+00 
 3.114205e-06  2.000000e+00  3.114205e-06  2.035380e+00 
 3.125940e-06  2.000000e+00  3.125940e-06  2.125689e+00 
 3.134741e-06  2.000000e+00  3.134741e-06  2.154047e+00 
 3.143291e-06  2.000000e+00  3.143291e-06  2.174475e+00 
 3.154290e-06  2.000000e+00  3.154290e-06  2.201180e+00 
 3.165265e-06  2.000000e+00  3.165265e-06  2.224930e+00 
 3.183322e-06  2.000000e+00  3.183322e-06  2.222951e+00 
 3.199696e-06  2.000000e+00  3.199696e-06  2.187446e+00 
 3.214957e-06  2.000000e+00  3.214957e-06  2.155098e+00 
 3.233797e-06  2.000000e+00  3.233797e-06  2.114125e+00 
 3.271477e-06  2.000000e+00  3.271477e-06  2.021094e+00 
 3.308973e-06  2.000000e+00  3.308973e-06  1.824570e+00 
 3.330180e-06  2.000000e+00  3.330180e-06  1.741479e+00 
 3.346456e-06  2.000000e+00  3.346456e-06  1.851976e+00 
 3.357098e-06  2.000000e+00  3.357098e-06  1.994347e+00 
 3.367274e-06  2.000000e+00  3.367274e-06  2.097079e+00 
 3.376400e-06  2.000000e+00  3.376400e-06  2.141380e+00 
 3.383463e-06  2.000000e+00  3.383463e-06  2.159610e+00 
 3.391063e-06  2.000000e+00  3.391063e-06  2.178185e+00 
 3.400844e-06  2.000000e+00  3.400844e-06  2.201525e+00 
 3.419069e-06  2.000000e+00  3.419069e-06  2.228942e+00 
 3.442021e-06  2.000000e+00  3.442021e-06  2.200311e+00 
 3.462927e-06  2.000000e+00  3.462927e-06  2.149936e+00 
 3.486800e-06  2.000000e+00  3.486800e-06  2.100309e+00 
 3.510094e-06  2.000000e+00  3.510094e-06  2.044118e+00 
 3.540377e-06  2.000000e+00  3.540377e-06  1.905290e+00 
 3.570760e-06  2.000000e+00  3.570760e-06  1.761252e+00 
 3.590889e-06  2.000000e+00  3.590889e-06  1.877213e+00 
 3.604916e-06  2.000000e+00  3.604916e-06  2.048777e+00 
 3.618301e-06  2.000000e+00  3.618301e-06  2.141610e+00 
 3.625855e-06  2.000000e+00  3.625855e-06  2.163186e+00 
 3.634072e-06  2.000000e+00  3.634072e-06  2.182965e+00 
 3.644253e-06  2.000000e+00  3.644253e-06  2.207897e+00 
 3.656175e-06  2.000000e+00  3.656175e-06  2.232298e+00 
 3.672639e-06  2.000000e+00  3.672639e-06  2.227845e+00 
 3.689745e-06  2.000000e+00  3.689745e-06  2.190340e+00 
 3.705191e-06  2.000000e+00  3.705191e-06  2.157759e+00 
 3.723995e-06  2.000000e+00  3.723995e-06  2.116897e+00 
 3.761603e-06  2.000000e+00  3.761603e-06  2.025327e+00 
 3.798689e-06  2.000000e+00  3.798689e-06  1.833753e+00 
 3.833208e-06  2.000000e+00  3.833208e-06  1.833530e+00 
 3.856381e-06  2.000000e+00  3.856381e-06  2.031183e+00 
 3.874196e-06  2.000000e+00  3.874196e-06  2.141993e+00 
 3.882707e-06  2.000000e+00  3.882707e-06  2.163803e+00 
 3.893782e-06  2.000000e+00  3.893782e-06  2.189854e+00 
 3.907994e-06  2.000000e+00  3.907994e-06  2.221491e+00 
 3.924220e-06  2.000000e+00  3.924220e-06  2.221717e+00 
 3.941465e-06  2.000000e+00  3.941465e-06  2.186931e+00 
 3.958083e-06  2.000000e+00  3.958083e-06  2.150868e+00 
 3.977003e-06  2.000000e+00  3.977003e-06  2.109911e+00 
 4.014842e-06  2.000000e+00  4.014842e-06  2.013642e+00 
 4.054554e-06  2.000000e+00  4.054554e-06  1.800779e+00 
 4.084708e-06  2.000000e+00  4.084708e-06  1.817090e+00 
 4.105508e-06  2.000000e+00  4.105508e-06  2.017754e+00 
 4.121647e-06  2.000000e+00  4.121647e-06  2.129180e+00 
 4.129737e-06  2.000000e+00  4.129737e-06  2.151629e+00 
 4.140454e-06  2.000000e+00  4.140454e-06  2.176682e+00 
 4.152959e-06  2.000000e+00  4.152959e-06  2.206185e+00 
 4.167876e-06  2.000000e+00  4.167876e-06  2.223133e+00 
 4.186898e-06  2.000000e+00  4.186898e-06  2.197741e+00 
 4.205936e-06  2.000000e+00  4.205936e-06  2.153275e+00 
 4.226808e-06  2.000000e+00  4.226808e-06  2.109377e+00 
 4.250605e-06  2.000000e+00  4.250605e-06  2.053657e+00 
 4.280746e-06  2.000000e+00  4.280746e-06  1.924304e+00 
 4.305165e-06  2.000000e+00  4.305165e-06  1.761561e+00 
 4.323207e-06  2.000000e+00  4.323207e-06  1.776166e+00 
 4.338740e-06  2.000000e+00  4.338740e-06  1.947589e+00 
 4.354353e-06  2.000000e+00  4.354353e-06  2.103633e+00 
 4.365320e-06  2.000000e+00  4.365320e-06  2.154401e+00 
 4.375628e-06  2.000000e+00  4.375628e-06  2.180800e+00 
 4.385540e-06  2.000000e+00  4.385540e-06  2.204935e+00 
 4.398090e-06  2.000000e+00  4.398090e-06  2.232652e+00 
 4.414254e-06  2.000000e+00  4.414254e-06  2.232337e+00 
 4.430678e-06  2.000000e+00  4.430678e-06  2.198494e+00 
 4.450315e-06  2.000000e+00  4.450315e-06  2.156324e+00 
 4.471320e-06  2.000000e+00  4.471320e-06  2.110833e+00 
 4.503840e-06  2.000000e+00  4.503840e-06  2.032763e+00 
 4.536445e-06  2.000000e+00  4.536445e-06  1.871480e+00 
 4.566841e-06  2.000000e+00  4.566841e-06  1.777342e+00 
 4.586004e-06  2.000000e+00  4.586004e-06  1.922515e+00 
 4.605929e-06  2.000000e+00  4.605929e-06  2.118860e+00 
 4.618884e-06  2.000000e+00  4.618884e-06  2.174442e+00 
 4.633294e-06  2.000000e+00  4.633294e-06  2.211209e+00 
 4.647263e-06  2.000000e+00  4.647263e-06  2.242838e+00 
 4.666291e-06  2.000000e+00  4.666291e-06  2.240952e+00 
 4.685020e-06  2.000000e+00  4.685020e-06  2.200053e+00 
 4.705337e-06  2.000000e+00  4.705337e-06  2.157134e+00 
 4.727716e-06  2.000000e+00  4.727716e-06  2.108347e+00 
 4.755630e-06  2.000000e+00  4.755630e-06  2.042454e+00 
 4.785606e-06  2.000000e+00  4.785606e-06  1.906038e+00 
 4.816390e-06  2.000000e+00  4.816390e-06  1.760071e+00 
 4.835435e-06  2.000000e+00  4.835435e-06  1.865714e+00 
 4.852873e-06  2.000000e+00  4.852873e-06  2.064630e+00 
 4.866443e-06  2.000000e+00  4.866443e-06  2.147081e+00 
 4.876751e-06  2.000000e+00  4.876751e-06  2.174613e+00 
 4.886567e-06  2.000000e+00  4.886567e-06  2.198038e+00 
 4.899987e-06  2.000000e+00  4.899987e-06  2.228715e+00 
 4.914337e-06  2.000000e+00  4.914337e-06  2.232598e+00 
 4.931058e-06  2.000000e+00  4.931058e-06  2.201812e+00 
 4.953290e-06  2.000000e+00  4.953290e-06  2.152986e+00 
 4.973525e-06  2.000000e+00  4.973525e-06  2.109560e+00 
 5.000000e-06  2.000000e+00  5.000000e-06  2.047561e+00 
 5.000100e-06  1.800000e+00  5.000100e-06  2.046137e+00 
 5.000300e-06  1.400000e+00  5.000300e-06  2.043991e+00 
 5.000700e-06  6.000000e-01  5.000700e-06  2.040906e+00 
 5.001000e-06  0.000000e+00  5.001000e-06  2.039181e+00 
 5.001043e-06  0.000000e+00  5.001043e-06  2.039449e+00 
 5.001130e-06  0.000000e+00  5.001130e-06  2.039917e+00 
 5.001304e-06  0.000000e+00  5.001304e-06  2.040586e+00 
 5.001652e-06  0.000000e+00  5.001652e-06  2.041381e+00 
 5.002054e-06  0.000000e+00  5.002054e-06  2.041825e+00 
 5.002855e-06  0.000000e+00  5.002855e-06  2.042041e+00 
 5.004165e-06  0.000000e+00  5.004165e-06  2.041475e+00 
 5.005762e-06  0.000000e+00  5.005762e-06  2.040046e+00 
 5.008412e-06  0.000000e+00  5.008412e-06  2.036670e+00 
 5.013130e-06  0.000000e+00  5.013130e-06  2.028825e+00 
 5.022566e-06  0.000000e+00  5.022566e-06  2.010376e+00 
 5.040289e-06  0.000000e+00  5.040289e-06  1.973964e+00 
 5.064175e-06  0.000000e+00  5.064175e-06  1.925135e+00 
 5.111949e-06  0.000000e+00  5.111949e-06  1.828383e+00 
 5.207495e-06  0.000000e+00  5.207495e-06  1.638379e+00 
 5.307495e-06  0.000000e+00  5.307495e-06  1.444379e+00 
 5.407495e-06  0.000000e+00  5.407495e-06  1.255149e+00 
 5.507495e-06  0.000000e+00  5.507495e-06  1.070507e+00 
 5.607495e-06  0.000000e+00  5.607495e-06  8.902720e-01 
 5.707495e-06  0.000000e+00  5.707495e-06  7.142780e-01 
 5.807495e-06  0.000000e+00  5.807495e-06  5.423639e-01 
 5.907495e-06  0.000000e+00  5.907495e-06  3.743795e-01 
 6.007495e-06  0.000000e+00  6.007495e-06  2.100129e-01 
 6.107495e-06  0.000000e+00  6.107495e-06  3.735270e-02 
 6.207495e-06  0.000000e+00  6.207495e-06 -1.960681e-01 
 6.211608e-06  0.000000e+00  6.211608e-06 -1.968019e-01 
 6.219833e-06  0.000000e+00  6.219833e-06 -1.737157e-01 
 6.236282e-06  0.000000e+00  6.236282e-06 -4.253954e-02 
 6.248887e-06  0.000000e+00  6.248887e-06  6.130143e-02 
 6.261487e-06  0.000000e+00  6.261487e-06  1.154925e-01 
 6.273835e-06  0.000000e+00  6.273835e-06  1.405307e-01 
 6.287885e-06  0.000000e+00  6.287885e-06  1.663408e-01 
 6.303627e-06  0.000000e+00  6.303627e-06  1.951632e-01 
 6.320028e-06  0.000000e+00  6.320028e-06  2.072814e-01 
 6.340201e-06  0.000000e+00  6.340201e-06  1.844328e-01 
 6.359993e-06  0.000000e+00  6.359993e-06  1.496894e-01 
 6.382039e-06  0.000000e+00  6.382039e-06  1.138196e-01 
 6.411294e-06  0.000000e+00  6.411294e-06  6.263465e-02 
 6.450371e-06  0.000000e+00  6.450371e-06 -6.008563e-02 
 6.487840e-06  0.000000e+00  6.487840e-06 -2.306450e-01 
 6.515846e-06  0.000000e+00  6.515846e-06 -1.287044e-01 
 6.542801e-06  0.000000e+00  6.542801e-06  9.324248e-02 
 6.559657e-06  0.000000e+00  6.559657e-06  1.530889e-01 
 6.576616e-06  0.000000e+00  6.576616e-06  1.874291e-01 
 6.598971e-06  0.000000e+00  6.598971e-06  2.247647e-01 
 6.620105e-06  0.000000e+00  6.620105e-06  2.196536e-01 
 6.646283e-06  0.000000e+00  6.646283e-06  1.740373e-01 
 6.673110e-06  0.000000e+00  6.673110e-06  1.312152e-01 
 6.702028e-06  0.000000e+00  6.702028e-06  8.151630e-02 
 6.733566e-06  0.000000e+00  6.733566e-06  2.004626e-02 
 6.776397e-06  0.000000e+00  6.776397e-06 -1.528590e-01 
 6.804742e-06  0.000000e+00  6.804742e-06 -2.399355e-01 
 6.823670e-06  0.000000e+00  6.823670e-06 -1.351689e-01 
 6.847532e-06  0.000000e+00  6.847532e-06  7.026228e-02 
 6.863010e-06  0.000000e+00  6.863010e-06  1.344006e-01 
 6.878151e-06  0.000000e+00  6.878151e-06  1.651191e-01 
 6.895420e-06  0.000000e+00  6.895420e-06  1.975753e-01 
 6.914010e-06  0.000000e+00  6.914010e-06  2.188816e-01 
 6.939557e-06  0.000000e+00  6.939557e-06  1.929605e-01 
 6.969269e-06  0.000000e+00  6.969269e-06  1.395194e-01 
 6.998560e-06  0.000000e+00  6.998560e-06  9.276338e-02 
 7.028749e-06  0.000000e+00  7.028749e-06  3.581295e-02 
 7.070464e-06  0.000000e+00  7.070464e-06 -1.220380e-01 
 7.099765e-06  0.000000e+00  7.099765e-06 -2.397507e-01 
 7.122308e-06  0.000000e+00  7.122308e-06 -1.343683e-01 
 7.145828e-06  0.000000e+00  7.145828e-06  7.175291e-02 
 7.160925e-06  0.000000e+00  7.160925e-06  1.339401e-01 
 7.175692e-06  0.000000e+00  7.175692e-06  1.639930e-01 
 7.194096e-06  0.000000e+00  7.194096e-06  1.985527e-01 
 7.211994e-06  0.000000e+00  7.211994e-06  2.190908e-01 
 7.238373e-06  0.000000e+00  7.238373e-06  1.921010e-01 
 7.267965e-06  0.000000e+00  7.267965e-06  1.385819e-01 
 7.297302e-06  0.000000e+00  7.297302e-06  9.176302e-02 
 7.327502e-06  0.000000e+00  7.327502e-06  3.451616e-02 
 7.368465e-06  0.000000e+00  7.368465e-06 -1.200882e-01 
 7.397808e-06  0.000000e+00  7.397808e-06 -2.406953e-01 
 7.423855e-06  0.000000e+00  7.423855e-06 -1.111874e-01 
 7.448321e-06  0.000000e+00  7.448321e-06  1.000750e-01 
 7.464750e-06  0.000000e+00  7.464750e-06  1.585611e-01 
 7.480422e-06  0.000000e+00  7.480422e-06  1.906464e-01 
 7.501604e-06  0.000000e+00  7.501604e-06  2.284561e-01 
 7.523592e-06  0.000000e+00  7.523592e-06  2.263236e-01 
 7.555028e-06  0.000000e+00  7.555028e-06  1.729797e-01 
 7.583947e-06  0.000000e+00  7.583947e-06  1.262309e-01 
 7.615153e-06  0.000000e+00  7.615153e-06  7.233464e-02 
 7.654787e-06  0.000000e+00  7.654787e-06 -4.313995e-02 
 7.692254e-06  0.000000e+00  7.692254e-06 -2.231408e-01 
 7.717449e-06  0.000000e+00  7.717449e-06 -1.812622e-01 
 7.739212e-06  0.000000e+00  7.739212e-06  8.390763e-03 
 7.754850e-06  0.000000e+00  7.754850e-06  1.028316e-01 
 7.769581e-06  0.000000e+00  7.769581e-06  1.392392e-01 
 7.786577e-06  0.000000e+00  7.786577e-06  1.703573e-01 
 7.802148e-06  0.000000e+00  7.802148e-06  1.991451e-01 
 7.830387e-06  0.000000e+00  7.830387e-06  1.973141e-01 
 7.858873e-06  0.000000e+00  7.858873e-06  1.498314e-01 
 7.886626e-06  0.000000e+00  7.886626e-06  1.038678e-01 
 7.917626e-06  0.000000e+00  7.917626e-06  4.841009e-02 
 7.963995e-06  0.000000e+00  7.963995e-06 -1.286791e-01 
 7.995827e-06  0.000000e+00  7.995827e-06 -2.201948e-01 
 8.019388e-06  0.000000e+00  8.019388e-06 -8.076567e-02 
 8.045126e-06  0.000000e+00  8.045126e-06  1.196435e-01 
 8.062792e-06  0.000000e+00  8.062792e-06  1.735192e-01 
 8.081329e-06  0.000000e+00  8.081329e-06  2.111132e-01 
 8.108392e-06  0.000000e+00  8.108392e-06  2.364532e-01 
 8.140453e-06  0.000000e+00  8.140453e-06  1.979718e-01 
 8.179975e-06  0.000000e+00  8.179975e-06  1.266341e-01 
 8.218692e-06  0.000000e+00  8.218692e-06  6.412696e-02 
 8.262600e-06  0.000000e+00  8.262600e-06 -9.201122e-02 
 8.300646e-06  0.000000e+00  8.300646e-06 -2.101800e-01 
 8.322061e-06  0.000000e+00  8.322061e-06 -9.939524e-02 
 8.344141e-06  0.000000e+00  8.344141e-06  8.511013e-02 
 8.359706e-06  0.000000e+00  8.359706e-06  1.444544e-01 
 8.375116e-06  0.000000e+00  8.375116e-06  1.755996e-01 
 8.392296e-06  0.000000e+00  8.392296e-06  2.082151e-01 
 8.414875e-06  0.000000e+00  8.414875e-06  2.217328e-01 
 8.444607e-06  0.000000e+00  8.444607e-06  1.802148e-01 
 8.473708e-06  0.000000e+00  8.473708e-06  1.293810e-01 
 8.501477e-06  0.000000e+00  8.501477e-06  8.377379e-02 
 8.532233e-06  0.000000e+00  8.532233e-06  2.388016e-02 
 8.577018e-06  0.000000e+00  8.577018e-06 -1.558708e-01 
 8.606009e-06  0.000000e+00  8.606009e-06 -2.344181e-01 
 8.625981e-06  0.000000e+00  8.625981e-06 -1.125116e-01 
 8.649843e-06  0.000000e+00  8.649843e-06  8.862016e-02 
 8.666610e-06  0.000000e+00  8.666610e-06  1.515075e-01 
 8.683148e-06  0.000000e+00  8.683148e-06  1.850006e-01 
 8.700868e-06  0.000000e+00  8.700868e-06  2.181091e-01 
 8.725115e-06  0.000000e+00  8.725115e-06  2.218089e-01 
 8.754036e-06  0.000000e+00  8.754036e-06  1.749495e-01 
 8.777911e-06  0.000000e+00  8.777911e-06  1.356114e-01 
 8.801851e-06  0.000000e+00  8.801851e-06  9.541157e-02 
 8.833113e-06  0.000000e+00  8.833113e-06  3.800410e-02 
 8.868822e-06  0.000000e+00  8.868822e-06 -8.701271e-02 
 8.901681e-06  0.000000e+00  8.901681e-06 -2.396969e-01 
 8.920032e-06  0.000000e+00  8.920032e-06 -1.998641e-01 
 8.938949e-06  0.000000e+00  8.938949e-06 -2.372154e-02 
 8.952783e-06  0.000000e+00  8.952783e-06  8.109162e-02 
 8.966058e-06  0.000000e+00  8.966058e-06  1.277329e-01 
 8.979557e-06  0.000000e+00  8.979557e-06  1.535879e-01 
 8.996097e-06  0.000000e+00  8.996097e-06  1.846351e-01 
 9.011333e-06  0.000000e+00  9.011333e-06  2.089838e-01 
 9.028042e-06  0.000000e+00  9.028042e-06  2.067293e-01 
 9.046275e-06  0.000000e+00  9.046275e-06  1.774026e-01 
 9.063298e-06  0.000000e+00  9.063298e-06  1.494176e-01 
 9.083824e-06  0.000000e+00  9.083824e-06  1.153579e-01 
 9.124875e-06  0.000000e+00  9.124875e-06  4.186140e-02 
 9.177564e-06  0.000000e+00  9.177564e-06 -1.659968e-01 
 9.208987e-06  0.000000e+00  9.208987e-06 -2.068331e-01 
 9.231549e-06  0.000000e+00  9.231549e-06 -4.522720e-02 
 9.252946e-06  0.000000e+00  9.252946e-06  1.116908e-01 
 9.270548e-06  0.000000e+00  9.270548e-06  1.624366e-01 
 9.287786e-06  0.000000e+00  9.287786e-06  1.963453e-01 
 9.309888e-06  0.000000e+00  9.309888e-06  2.277914e-01 
 9.330109e-06  0.000000e+00  9.330109e-06  2.153205e-01 
 9.351077e-06  0.000000e+00  9.351077e-06  1.781634e-01 
 9.373124e-06  0.000000e+00  9.373124e-06  1.430076e-01 
 9.395548e-06  0.000000e+00  9.395548e-06  1.052524e-01 
 9.440396e-06  0.000000e+00  9.440396e-06  1.984935e-02 
 9.528987e-06  0.000000e+00  9.528987e-06 -2.152757e-01 
 9.594869e-06  0.000000e+00  9.594869e-06  1.492083e-02 
 9.641354e-06  0.000000e+00  9.641354e-06  3.035004e-01 
 9.669327e-06  0.000000e+00  9.669327e-06  3.394062e-01 
 9.697146e-06  0.000000e+00  9.697146e-06  3.098798e-01 
 9.723989e-06  0.000000e+00  9.723989e-06  2.606113e-01 
 9.749605e-06  0.000000e+00  9.749605e-06  2.211452e-01 
 9.778449e-06  0.000000e+00  9.778449e-06  1.731324e-01 
 9.820107e-06  0.000000e+00  9.820107e-06  1.045127e-01 
 9.856364e-06  0.000000e+00  9.856364e-06  3.856188e-02 
 9.904319e-06  0.000000e+00  9.904319e-06 -1.503669e-01 
 9.935777e-06  0.000000e+00  9.935777e-06 -2.163721e-01 
 9.957548e-06  0.000000e+00  9.957548e-06 -7.215163e-02 
 9.980594e-06  0.000000e+00  9.980594e-06  1.083957e-01 
 1.000000e-05  0.000000e+00  1.000000e-05  1.707846e-01 
