 0.00000000e+00  0.00000000e+00  0.00000000e+00  3.03737390e-04 
 1.00000000e-11  2.00000000e-02  1.00000000e-11  3.90691597e-04 
 2.00000000e-11  4.00000000e-02  2.00000000e-11  4.74036382e-04 
 4.00000000e-11  8.00000000e-02  4.00000000e-11  6.29679214e-04 
 8.00000000e-11  1.60000000e-01  8.00000000e-11  8.50278097e-04 
 1.60000000e-10  3.20000000e-01  1.60000000e-10  8.72689593e-04 
 2.40786464e-10  4.81572928e-01  2.40786464e-10  6.76905660e-04 
 3.42855008e-10  6.85710016e-01  3.42855008e-10  2.92010262e-04 
 5.17888997e-10  1.03577799e+00  5.17888997e-10 -6.00646798e-04 
 8.16707901e-10  1.63341580e+00  8.16707901e-10 -2.54407575e-03 
 1.00000000e-09  2.00000000e+00  1.00000000e-09 -3.90636940e-03 
 1.03390931e-09  2.00000000e+00  1.03390931e-09 -4.27129458e-03 
 1.10172793e-09  2.00000000e+00  1.10172793e-09 -4.93726435e-03 
 1.23736518e-09  2.00000000e+00  1.23736518e-09 -6.03348077e-03 
 1.50863966e-09  2.00000000e+00  1.50863966e-09 -7.82827623e-03 
 1.88477782e-09  2.00000000e+00  1.88477782e-09 -9.86715125e-03 
 2.63705414e-09  2.00000000e+00  2.63705414e-09 -1.31318399e-02 
 4.14160678e-09  2.00000000e+00  4.14160678e-09 -1.79640145e-02 
 6.54288330e-09  2.00000000e+00  6.54288330e-09 -2.25805958e-02 
 1.07211014e-08  2.00000000e+00  1.07211014e-08 -2.36664124e-02 
 1.67481669e-08  2.00000000e+00  1.67481669e-08 -1.48423494e-02 
 2.37932133e-08  2.00000000e+00  2.37932133e-08  3.83349866e-03 
 3.13269613e-08  2.00000000e+00  3.13269613e-08  2.81280315e-02 
 4.25364874e-08  2.00000000e+00  4.25364874e-08  6.69872294e-02 
 6.46562133e-08  2.00000000e+00  6.46562133e-08  1.45774301e-01 
 1.08895665e-07  2.00000000e+00  1.08895665e-07  3.03973389e-01 
 1.97374568e-07  2.00000000e+00  1.97374568e-07  6.20053569e-01 
 2.97374568e-07  2.00000000e+00  2.97374568e-07  9.76820799e-01 
 3.97374568e-07  2.00000000e+00  3.97374568e-07  1.33264460e+00 
 4.97374568e-07  2.00000000e+00  4.97374568e-07  1.68661136e+00 
 5.97374568e-07  2.00000000e+00  5.97374568e-07  1.96069967e+00 
 6.68923136e-07  2.00000000e+00  6.68923136e-07  2.02135185e+00 
 7.42954871e-07  2.00000000e+00  7.42954871e-07  1.99572774e+00 
 8.31825223e-07  2.00000000e+00  8.31825223e-07  1.99655827e+00 
 9.23362625e-07  2.00000000e+00  9.23362625e-07  2.00432720e+00 
 1.02336262e-06  2.00000000e+00  1.02336262e-06  1.99662258e+00 
 1.12336262e-06  2.00000000e+00  1.12336262e-06  2.00121910e+00 
 1.22336262e-06  2.00000000e+00  1.22336262e-06  1.99965140e+00 
 1.32336262e-06  2.00000000e+00  1.32336262e-06  1.99939363e+00 
 1.42336262e-06  2.00000000e+00  1.42336262e-06  2.00028031e+00 
 1.52336262e-06  2.00000000e+00  1.52336262e-06  1.99949237e+00 
 1.62336262e-06  2.00000000e+00  1.62336262e-06  1.99992890e+00 
 1.72336262e-06  2.00000000e+00  1.72336262e-06  1.99981681e+00 
 1.82336262e-06  2.00000000e+00  1.82336262e-06  1.99973875e+00 
 1.92336262e-06  2.00000000e+00  1.92336262e-06  1.99987583e+00 
 2.02336262e-06  2.00000000e+00  2.02336262e-06  1.99975440e+00 
 2.12336262e-06  2.00000000e+00  2.12336262e-06  1.99983487e+00 
 2.22336262e-06  2.00000000e+00  2.22336262e-06  1.99979005e+00 
 2.32336262e-06  2.00000000e+00  2.32336262e-06  1.99981513e+00 
 2.42336262e-06  2.00000000e+00  2.42336262e-06  1.99979615e+00 
 2.52336262e-06  2.00000000e+00  2.52336262e-06  1.99981702e+00 
 2.62336262e-06  2.00000000e+00  2.62336262e-06  1.99979205e+00 
 2.72336262e-06  2.00000000e+00  2.72336262e-06  1.99982038e+00 
 2.82336262e-06  2.00000000e+00  2.82336262e-06  1.99979050e+00 
 2.92336262e-06  2.00000000e+00  2.92336262e-06  1.99982049e+00 
 3.02336262e-06  2.00000000e+00  3.02336262e-06  1.99979124e+00 
 3.12336262e-06  2.00000000e+00  3.12336262e-06  1.99981960e+00 
 3.22336262e-06  2.00000000e+00  3.22336262e-06  1.99979207e+00 
 3.32336262e-06  2.00000000e+00  3.32336262e-06  1.99981904e+00 
 3.42336262e-06  2.00000000e+00  3.42336262e-06  1.99979252e+00 
 3.52336262e-06  2.00000000e+00  3.52336262e-06  1.99981873e+00 
 3.62336262e-06  2.00000000e+00  3.62336262e-06  1.99979287e+00 
 3.72336262e-06  2.00000000e+00  3.72336262e-06  1.99981843e+00 
 3.82336262e-06  2.00000000e+00  3.82336262e-06  1.99979323e+00 
 3.92336262e-06  2.00000000e+00  3.92336262e-06  1.99981810e+00 
 4.02336262e-06  2.00000000e+00  4.02336262e-06  1.99979362e+00 
 4.12336262e-06  2.00000000e+00  4.12336262e-06  1.99981777e+00 
 4.22336262e-06  2.00000000e+00  4.22336262e-06  1.99979398e+00 
 4.32336262e-06  2.00000000e+00  4.32336262e-06  1.99981745e+00 
 4.42336262e-06  2.00000000e+00  4.42336262e-06  1.99979434e+00 
 4.52336262e-06  2.00000000e+00  4.52336262e-06  1.99981714e+00 
 4.62336262e-06  2.00000000e+00  4.62336262e-06  1.99979468e+00 
 4.72336262e-06  2.00000000e+00  4.72336262e-06  1.99981684e+00 
 4.82336262e-06  2.00000000e+00  4.82336262e-06  1.99979502e+00 
 4.92336262e-06  2.00000000e+00  4.92336262e-06  1.99981655e+00 
 5.00000000e-06  2.00000000e+00  5.00000000e-06  1.99979540e+00 
 5.00010000e-06  1.80000000e+00  5.00010000e-06  1.99930834e+00 
 5.00030000e-06  1.40000000e+00  5.00030000e-06  1.99957011e+00 
 5.00053244e-06  9.35121458e-01  5.00053244e-06  2.00047207e+00 
 5.00078005e-06  4.39900996e-01  5.00078005e-06  2.00173416e+00 
 5.00100000e-06  0.00000000e+00  5.00100000e-06  2.00293241e+00 
 5.00104952e-06  0.00000000e+00  5.00104952e-06  2.00335554e+00 
 5.00114857e-06  0.00000000e+00  5.00114857e-06  2.00415067e+00 
 5.00134665e-06  0.00000000e+00  5.00134665e-06  2.00550681e+00 
 5.00174283e-06  0.00000000e+00  5.00174283e-06  2.00772786e+00 
 5.00242467e-06  0.00000000e+00  5.00242467e-06  2.01091868e+00 
 5.00359793e-06  0.00000000e+00  5.00359793e-06  2.01549675e+00 
 5.00534651e-06  0.00000000e+00  5.00534651e-06  2.02061192e+00 
 5.00884367e-06  0.00000000e+00  5.00884367e-06  2.02603785e+00 
 5.01583798e-06  0.00000000e+00  5.01583798e-06  2.02419570e+00 
 5.02982661e-06  0.00000000e+00  5.02982661e-06  1.99534670e+00 
 5.05780387e-06  0.00000000e+00  5.05780387e-06  1.90649728e+00 
 5.09317965e-06  0.00000000e+00  5.09317965e-06  1.78425759e+00 
 5.15293630e-06  0.00000000e+00  5.15293630e-06  1.58026546e+00 
 5.25293630e-06  0.00000000e+00  5.25293630e-06  1.24401851e+00 
 5.35293630e-06  0.00000000e+00  5.35293630e-06  9.14687217e-01 
 5.45293630e-06  0.00000000e+00  5.45293630e-06  5.92151398e-01 
 5.55293630e-06  0.00000000e+00  5.55293630e-06  2.76834861e-01 
 5.65293630e-06  0.00000000e+00  5.65293630e-06  2.68551411e-02 
 5.73688995e-06  0.00000000e+00  5.73688995e-06 -2.18183119e-02 
 5.79624764e-06  0.00000000e+00  5.79624764e-06  4.95477108e-03 
 5.81598976e-06  0.00000000e+00  5.81598976e-06  5.74654072e-03 
 5.83392923e-06  0.00000000e+00  5.83392923e-06  3.55635425e-03 
 5.84768858e-06  0.00000000e+00  5.84768858e-06  1.81058724e-03 
 5.86408723e-06  0.00000000e+00  5.86408723e-06  4.59798304e-04 
 5.88064577e-06  0.00000000e+00  5.88064577e-06 -1.16290446e-04 
 5.89824091e-06  0.00000000e+00  5.89824091e-06 -1.66111503e-04 
 5.91859824e-06  0.00000000e+00  5.91859824e-06  3.66418535e-05 
 5.94101640e-06  0.00000000e+00  5.94101640e-06  2.54223512e-04 
 5.97072028e-06  0.00000000e+00  5.97072028e-06  3.56264957e-04 
 6.01968640e-06  0.00000000e+00  6.01968640e-06  3.22073493e-04 
 6.07819974e-06  0.00000000e+00  6.07819974e-06  2.86403403e-04 
 6.14846073e-06  0.00000000e+00  6.14846073e-06  3.09019778e-04 
 6.24846073e-06  0.00000000e+00  6.24846073e-06  3.03400714e-04 
 6.34846073e-06  0.00000000e+00  6.34846073e-06  3.02559600e-04 
 6.44846073e-06  0.00000000e+00  6.44846073e-06  3.04651534e-04 
 6.54846073e-06  0.00000000e+00  6.54846073e-06  3.03639692e-04 
 6.64846073e-06  0.00000000e+00  6.64846073e-06  3.03140843e-04 
 6.74846073e-06  0.00000000e+00  6.74846073e-06  3.04694439e-04 
 6.84846073e-06  0.00000000e+00  6.84846073e-06  3.02686886e-04 
 6.94846073e-06  0.00000000e+00  6.94846073e-06  3.04743344e-04 
 7.04846073e-06  0.00000000e+00  7.04846073e-06  3.02817543e-04 
 7.14846073e-06  0.00000000e+00  7.14846073e-06  3.04590862e-04 
 7.24846073e-06  0.00000000e+00  7.24846073e-06  3.02926606e-04 
 7.34846073e-06  0.00000000e+00  7.34846073e-06  3.04531472e-04 
 7.44846073e-06  0.00000000e+00  7.44846073e-06  3.02952979e-04 
 7.54846073e-06  0.00000000e+00  7.54846073e-06  3.04518467e-04 
 7.64846073e-06  0.00000000e+00  7.64846073e-06  3.02964700e-04 
 7.74846073e-06  0.00000000e+00  7.74846073e-06  3.04503189e-04 
 7.84846073e-06  0.00000000e+00  7.84846073e-06  3.02983800e-04 
 7.94846073e-06  0.00000000e+00  7.94846073e-06  3.04481885e-04 
 8.04846073e-06  0.00000000e+00  8.04846073e-06  3.03005759e-04 
 8.14846073e-06  0.00000000e+00  8.14846073e-06  3.04460232e-04 
 8.24846073e-06  0.00000000e+00  8.24846073e-06  3.03026749e-04 
 8.34846073e-06  0.00000000e+00  8.34846073e-06  3.04439870e-04 
 8.44846073e-06  0.00000000e+00  8.44846073e-06  3.03046603e-04 
 8.54846073e-06  0.00000000e+00  8.54846073e-06  3.04420365e-04 
 8.64846073e-06  0.00000000e+00  8.64846073e-06  3.03065813e-04 
 8.74846073e-06  0.00000000e+00  8.74846073e-06  3.04401394e-04 
 8.84846073e-06  0.00000000e+00  8.84846073e-06  3.03084517e-04 
 8.94846073e-06  0.00000000e+00  8.94846073e-06  3.04382933e-04 
 9.04846073e-06  0.00000000e+00  9.04846073e-06  3.03102695e-04 
 9.14846073e-06  0.00000000e+00  9.14846073e-06  3.04365005e-04 
 9.24846073e-06  0.00000000e+00  9.24846073e-06  3.03120337e-04 
 9.34846073e-06  0.00000000e+00  9.34846073e-06  3.04347603e-04 
 9.44846073e-06  0.00000000e+00  9.44846073e-06  3.03137462e-04 
 9.54846073e-06  0.00000000e+00  9.54846073e-06  3.04330708e-04 
 9.64846073e-06  0.00000000e+00  9.64846073e-06  3.03154086e-04 
 9.74846073e-06  0.00000000e+00  9.74846073e-06  3.04314304e-04 
 9.84846073e-06  0.00000000e+00  9.84846073e-06  3.03170225e-04 
 9.94846073e-06  0.00000000e+00  9.94846073e-06  3.04298376e-04 
 1.00000000e-05  0.00000000e+00  1.00000000e-05  3.03193034e-04 
