 0.00000000e+00  0.00000000e+00  0.00000000e+00  7.05615109e-03 
 1.00000000e-11  2.00000000e-02  1.00000000e-11  7.09225077e-03 
 2.00000000e-11  4.00000000e-02  2.00000000e-11  7.12763673e-03 
 4.00000000e-11  8.00000000e-02  4.00000000e-11  7.18976874e-03 
 8.00000000e-11  1.60000000e-01  8.00000000e-11  7.28820039e-03 
 1.60000000e-10  3.20000000e-01  1.60000000e-10  7.46832578e-03 
 2.93114289e-10  5.86228578e-01  2.93114289e-10  7.76452509e-03 
 5.59342868e-10  1.11868574e+00  5.59342868e-10  8.32737866e-03 
 1.00000000e-09  2.00000000e+00  1.00000000e-09  9.13649673e-03 
 1.05324572e-09  2.00000000e+00  1.05324572e-09  9.13165721e-03 
 1.15973715e-09  2.00000000e+00  1.15973715e-09  9.12169124e-03 
 1.37272001e-09  2.00000000e+00  1.37272001e-09  9.10131342e-03 
 1.79868574e-09  2.00000000e+00  1.79868574e-09  9.05843897e-03 
 2.65061719e-09  2.00000000e+00  2.65061719e-09  8.98362462e-03 
 4.35448009e-09  2.00000000e+00  4.35448009e-09  8.94411434e-03 
 6.31358190e-09  2.00000000e+00  6.31358190e-09  9.04738774e-03 
 8.81890610e-09  2.00000000e+00  8.81890610e-09  9.29835747e-03 
 1.21334071e-08  2.00000000e+00  1.21334071e-08  9.72719772e-03 
 1.73653463e-08  2.00000000e+00  1.73653463e-08  1.04951490e-02 
 2.49670907e-08  2.00000000e+00  2.49670907e-08  1.16899727e-02 
 3.82586655e-08  2.00000000e+00  3.82586655e-08  1.38721862e-02 
 6.45963377e-08  2.00000000e+00  6.45963377e-08  1.83370089e-02 
 1.14596338e-07  2.00000000e+00  1.14596338e-07  2.69290834e-02 
 1.64596338e-07  2.00000000e+00  1.64596338e-07  3.55279683e-02 
 2.14596338e-07  2.00000000e+00  2.14596338e-07  4.41220474e-02 
 2.64596338e-07  2.00000000e+00  2.64596338e-07  5.27138651e-02 
 3.14596338e-07  2.00000000e+00  3.14596338e-07  6.13029293e-02 
 3.64596338e-07  2.00000000e+00  3.64596338e-07  6.98892777e-02 
 4.14596338e-07  2.00000000e+00  4.14596338e-07  7.84729670e-02 
 4.64596338e-07  2.00000000e+00  4.64596338e-07  8.70539348e-02 
 5.14596338e-07  2.00000000e+00  5.14596338e-07  9.56322347e-02 
 5.64596338e-07  2.00000000e+00  5.64596338e-07  1.04207825e-01 
 6.14596338e-07  2.00000000e+00  6.14596338e-07  1.12780739e-01 
 6.64596338e-07  2.00000000e+00  6.64596338e-07  1.21350952e-01 
 7.14596338e-07  2.00000000e+00  7.14596338e-07  1.29918484e-01 
 7.64596338e-07  2.00000000e+00  7.64596338e-07  1.38483321e-01 
 8.14596338e-07  2.00000000e+00  8.14596338e-07  1.47045474e-01 
 8.64596338e-07  2.00000000e+00  8.64596338e-07  1.55604935e-01 
 9.14596338e-07  2.00000000e+00  9.14596338e-07  1.64161712e-01 
 9.64596338e-07  2.00000000e+00  9.64596338e-07  1.72715799e-01 
 1.01459634e-06  2.00000000e+00  1.01459634e-06  1.81267202e-01 
 1.06459634e-06  2.00000000e+00  1.06459634e-06  1.89815917e-01 
 1.11459634e-06  2.00000000e+00  1.11459634e-06  1.98361948e-01 
 1.16459634e-06  2.00000000e+00  1.16459634e-06  2.06905294e-01 
 1.21459634e-06  2.00000000e+00  1.21459634e-06  2.15445955e-01 
 1.26459634e-06  2.00000000e+00  1.26459634e-06  2.23983932e-01 
 1.31459634e-06  2.00000000e+00  1.31459634e-06  2.32519226e-01 
 1.36459634e-06  2.00000000e+00  1.36459634e-06  2.41051837e-01 
 1.41459634e-06  2.00000000e+00  1.41459634e-06  2.49581766e-01 
 1.46459634e-06  2.00000000e+00  1.46459634e-06  2.58109013e-01 
 1.51459634e-06  2.00000000e+00  1.51459634e-06  2.66633579e-01 
 1.56459634e-06  2.00000000e+00  1.56459634e-06  2.75155464e-01 
 1.61459634e-06  2.00000000e+00  1.61459634e-06  2.83674669e-01 
 1.66459634e-06  2.00000000e+00  1.66459634e-06  2.92191194e-01 
 1.71459634e-06  2.00000000e+00  1.71459634e-06  3.00705039e-01 
 1.76459634e-06  2.00000000e+00  1.76459634e-06  3.09216207e-01 
 1.81459634e-06  2.00000000e+00  1.81459634e-06  3.17724696e-01 
 1.86459634e-06  2.00000000e+00  1.86459634e-06  3.26230507e-01 
 1.91459634e-06  2.00000000e+00  1.91459634e-06  3.34733642e-01 
 1.96459634e-06  2.00000000e+00  1.96459634e-06  3.43234099e-01 
 2.01459634e-06  2.00000000e+00  2.01459634e-06  3.51731881e-01 
 2.06459634e-06  2.00000000e+00  2.06459634e-06  3.60226988e-01 
 2.11459634e-06  2.00000000e+00  2.11459634e-06  3.68719419e-01 
 2.16459634e-06  2.00000000e+00  2.16459634e-06  3.77209176e-01 
 2.21459634e-06  2.00000000e+00  2.21459634e-06  3.85696259e-01 
 2.26459634e-06  2.00000000e+00  2.26459634e-06  3.94180669e-01 
 2.31459634e-06  2.00000000e+00  2.31459634e-06  4.02662406e-01 
 2.36459634e-06  2.00000000e+00  2.36459634e-06  4.11141471e-01 
 2.41459634e-06  2.00000000e+00  2.41459634e-06  4.19617863e-01 
 2.46459634e-06  2.00000000e+00  2.46459634e-06  4.28091585e-01 
 2.51459634e-06  2.00000000e+00  2.51459634e-06  4.36562636e-01 
 2.56459634e-06  2.00000000e+00  2.56459634e-06  4.45031017e-01 
 2.61459634e-06  2.00000000e+00  2.61459634e-06  4.53496729e-01 
 2.66459634e-06  2.00000000e+00  2.66459634e-06  4.61959771e-01 
 2.71459634e-06  2.00000000e+00  2.71459634e-06  4.70420145e-01 
 2.76459634e-06  2.00000000e+00  2.76459634e-06  4.78877850e-01 
 2.81459634e-06  2.00000000e+00  2.81459634e-06  4.87332889e-01 
 2.86459634e-06  2.00000000e+00  2.86459634e-06  4.95785260e-01 
 2.91459634e-06  2.00000000e+00  2.91459634e-06  5.04234965e-01 
 2.96459634e-06  2.00000000e+00  2.96459634e-06  5.12682005e-01 
 3.01459634e-06  2.00000000e+00  3.01459634e-06  5.21126379e-01 
 3.06459634e-06  2.00000000e+00  3.06459634e-06  5.29568088e-01 
 3.11459634e-06  2.00000000e+00  3.11459634e-06  5.38007133e-01 
 3.16459634e-06  2.00000000e+00  3.16459634e-06  5.46443514e-01 
 3.21459634e-06  2.00000000e+00  3.21459634e-06  5.54877232e-01 
 3.26459634e-06  2.00000000e+00  3.26459634e-06  5.63308288e-01 
 3.31459634e-06  2.00000000e+00  3.31459634e-06  5.71736682e-01 
 3.36459634e-06  2.00000000e+00  3.36459634e-06  5.80162414e-01 
 3.41459634e-06  2.00000000e+00  3.41459634e-06  5.88585485e-01 
 3.46459634e-06  2.00000000e+00  3.46459634e-06  5.97005895e-01 
 3.51459634e-06  2.00000000e+00  3.51459634e-06  6.05423646e-01 
 3.56459634e-06  2.00000000e+00  3.56459634e-06  6.13838738e-01 
 3.61459634e-06  2.00000000e+00  3.61459634e-06  6.22251170e-01 
 3.66459634e-06  2.00000000e+00  3.66459634e-06  6.30660945e-01 
 3.71459634e-06  2.00000000e+00  3.71459634e-06  6.39068061e-01 
 3.76459634e-06  2.00000000e+00  3.76459634e-06  6.47472520e-01 
 3.81459634e-06  2.00000000e+00  3.81459634e-06  6.55874323e-01 
 3.86459634e-06  2.00000000e+00  3.86459634e-06  6.64273470e-01 
 3.91459634e-06  2.00000000e+00  3.91459634e-06  6.72669961e-01 
 3.96459634e-06  2.00000000e+00  3.96459634e-06  6.81063797e-01 
 4.01459634e-06  2.00000000e+00  4.01459634e-06  6.89454978e-01 
 4.06459634e-06  2.00000000e+00  4.06459634e-06  6.97843505e-01 
 4.11459634e-06  2.00000000e+00  4.11459634e-06  7.06229379e-01 
 4.16459634e-06  2.00000000e+00  4.16459634e-06  7.14612601e-01 
 4.21459634e-06  2.00000000e+00  4.21459634e-06  7.22993169e-01 
 4.26459634e-06  2.00000000e+00  4.26459634e-06  7.31371086e-01 
 4.31459634e-06  2.00000000e+00  4.31459634e-06  7.39746351e-01 
 4.36459634e-06  2.00000000e+00  4.36459634e-06  7.48118966e-01 
 4.41459634e-06  2.00000000e+00  4.41459634e-06  7.56488931e-01 
 4.46459634e-06  2.00000000e+00  4.46459634e-06  7.64856245e-01 
 4.51459634e-06  2.00000000e+00  4.51459634e-06  7.73220911e-01 
 4.56459634e-06  2.00000000e+00  4.56459634e-06  7.81582928e-01 
 4.61459634e-06  2.00000000e+00  4.61459634e-06  7.89942296e-01 
 4.66459634e-06  2.00000000e+00  4.66459634e-06  7.98298897e-01 
 4.71459634e-06  2.00000000e+00  4.71459634e-06  8.06652345e-01 
 4.76459634e-06  2.00000000e+00  4.76459634e-06  8.15003149e-01 
 4.81459634e-06  2.00000000e+00  4.81459634e-06  8.23351308e-01 
 4.86459634e-06  2.00000000e+00  4.86459634e-06  8.31696823e-01 
 4.91459634e-06  2.00000000e+00  4.91459634e-06  8.40039695e-01 
 4.96459634e-06  2.00000000e+00  4.96459634e-06  8.48379924e-01 
 5.00000000e-06  2.00000000e+00  5.00000000e-06  8.54283819e-01 
 5.00010000e-06  1.80000000e+00  5.00010000e-06  8.54083508e-01 
 5.00030000e-06  1.40000000e+00  5.00030000e-06  8.53845107e-01 
 5.00053314e-06  9.33728516e-01  5.00053314e-06  8.53628502e-01 
 5.00076247e-06  4.75052258e-01  5.00076247e-06  8.53425508e-01 
 5.00100000e-06  0.00000000e+00  5.00100000e-06  8.53226209e-01 
 5.00104587e-06  0.00000000e+00  5.00104587e-06  8.53242181e-01 
 5.00113760e-06  0.00000000e+00  5.00113760e-06  8.53273937e-01 
 5.00132107e-06  0.00000000e+00  5.00132107e-06  8.53336343e-01 
 5.00168801e-06  0.00000000e+00  5.00168801e-06  8.53456809e-01 
 5.00242190e-06  0.00000000e+00  5.00242190e-06  8.53680188e-01 
 5.00388966e-06  0.00000000e+00  5.00388966e-06  8.54048647e-01 
 5.00682519e-06  0.00000000e+00  5.00682519e-06  8.54521360e-01 
 5.01269624e-06  0.00000000e+00  5.01269624e-06  8.54916475e-01 
 5.01951282e-06  0.00000000e+00  5.01951282e-06  8.54888291e-01 
 5.03314596e-06  0.00000000e+00  5.03314596e-06  8.54133121e-01 
 5.04926973e-06  0.00000000e+00  5.04926973e-06  8.52614386e-01 
 5.07603284e-06  0.00000000e+00  5.07603284e-06  8.49495982e-01 
 5.10770276e-06  0.00000000e+00  5.10770276e-06  8.45396461e-01 
 5.15770276e-06  0.00000000e+00  5.15770276e-06  8.38609016e-01 
 5.20770276e-06  0.00000000e+00  5.20770276e-06  8.31654054e-01 
 5.25770276e-06  0.00000000e+00  5.25770276e-06  8.24624496e-01 
 5.30770276e-06  0.00000000e+00  5.30770276e-06  8.17554398e-01 
 5.35770276e-06  0.00000000e+00  5.35770276e-06  8.10460119e-01 
 5.40770276e-06  0.00000000e+00  5.40770276e-06  8.03350247e-01 
 5.45770276e-06  0.00000000e+00  5.45770276e-06  7.96230114e-01 
 5.50770276e-06  0.00000000e+00  5.50770276e-06  7.89103250e-01 
 5.55770276e-06  0.00000000e+00  5.55770276e-06  7.81972082e-01 
 5.60770276e-06  0.00000000e+00  5.60770276e-06  7.74838363e-01 
 5.65770276e-06  0.00000000e+00  5.65770276e-06  7.67703387e-01 
 5.70770276e-06  0.00000000e+00  5.70770276e-06  7.60568144e-01 
 5.75770276e-06  0.00000000e+00  5.75770276e-06  7.53433399e-01 
 5.80770276e-06  0.00000000e+00  5.80770276e-06  7.46299764e-01 
 5.85770276e-06  0.00000000e+00  5.85770276e-06  7.39167728e-01 
 5.90770276e-06  0.00000000e+00  5.90770276e-06  7.32037691e-01 
 5.95770276e-06  0.00000000e+00  5.95770276e-06  7.24909984e-01 
 6.00770276e-06  0.00000000e+00  6.00770276e-06  7.17784882e-01 
 6.05770276e-06  0.00000000e+00  6.05770276e-06  7.10662618e-01 
 6.10770276e-06  0.00000000e+00  6.10770276e-06  7.03543391e-01 
 6.15770276e-06  0.00000000e+00  6.15770276e-06  6.96427368e-01 
 6.20770276e-06  0.00000000e+00  6.20770276e-06  6.89314696e-01 
 6.25770276e-06  0.00000000e+00  6.25770276e-06  6.82205500e-01 
 6.30770276e-06  0.00000000e+00  6.30770276e-06  6.75099891e-01 
 6.35770276e-06  0.00000000e+00  6.35770276e-06  6.67997965e-01 
 6.40770276e-06  0.00000000e+00  6.40770276e-06  6.60899807e-01 
 6.45770276e-06  0.00000000e+00  6.45770276e-06  6.53805490e-01 
 6.50770276e-06  0.00000000e+00  6.50770276e-06  6.46715083e-01 
 6.55770276e-06  0.00000000e+00  6.55770276e-06  6.39628642e-01 
 6.60770276e-06  0.00000000e+00  6.60770276e-06  6.32546221e-01 
 6.65770276e-06  0.00000000e+00  6.65770276e-06  6.25467866e-01 
 6.70770276e-06  0.00000000e+00  6.70770276e-06  6.18393620e-01 
 6.75770276e-06  0.00000000e+00  6.75770276e-06  6.11323519e-01 
 6.80770276e-06  0.00000000e+00  6.80770276e-06  6.04257598e-01 
 6.85770276e-06  0.00000000e+00  6.85770276e-06  5.97195888e-01 
 6.90770276e-06  0.00000000e+00  6.90770276e-06  5.90138415e-01 
 6.95770276e-06  0.00000000e+00  6.95770276e-06  5.83085204e-01 
 7.00770276e-06  0.00000000e+00  7.00770276e-06  5.76036278e-01 
 7.05770276e-06  0.00000000e+00  7.05770276e-06  5.68991657e-01 
 7.10770276e-06  0.00000000e+00  7.10770276e-06  5.61951360e-01 
 7.15770276e-06  0.00000000e+00  7.15770276e-06  5.54915402e-01 
 7.20770276e-06  0.00000000e+00  7.20770276e-06  5.47883799e-01 
 7.25770276e-06  0.00000000e+00  7.25770276e-06  5.40856564e-01 
 7.30770276e-06  0.00000000e+00  7.30770276e-06  5.33833710e-01 
 7.35770276e-06  0.00000000e+00  7.35770276e-06  5.26815248e-01 
 7.40770276e-06  0.00000000e+00  7.40770276e-06  5.19801187e-01 
 7.45770276e-06  0.00000000e+00  7.45770276e-06  5.12791536e-01 
 7.50770276e-06  0.00000000e+00  7.50770276e-06  5.05786305e-01 
 7.55770276e-06  0.00000000e+00  7.55770276e-06  4.98785499e-01 
 7.60770276e-06  0.00000000e+00  7.60770276e-06  4.91789126e-01 
 7.65770276e-06  0.00000000e+00  7.65770276e-06  4.84797192e-01 
 7.70770276e-06  0.00000000e+00  7.70770276e-06  4.77809700e-01 
 7.75770276e-06  0.00000000e+00  7.75770276e-06  4.70826657e-01 
 7.80770276e-06  0.00000000e+00  7.80770276e-06  4.63848066e-01 
 7.85770276e-06  0.00000000e+00  7.85770276e-06  4.56873931e-01 
 7.90770276e-06  0.00000000e+00  7.90770276e-06  4.49904256e-01 
 7.95770276e-06  0.00000000e+00  7.95770276e-06  4.42939042e-01 
 8.00770276e-06  0.00000000e+00  8.00770276e-06  4.35978292e-01 
 8.05770276e-06  0.00000000e+00  8.05770276e-06  4.29022009e-01 
 8.10770276e-06  0.00000000e+00  8.10770276e-06  4.22070195e-01 
 8.15770276e-06  0.00000000e+00  8.15770276e-06  4.15122852e-01 
 8.20770276e-06  0.00000000e+00  8.20770276e-06  4.08179981e-01 
 8.25770276e-06  0.00000000e+00  8.25770276e-06  4.01241585e-01 
 8.30770276e-06  0.00000000e+00  8.30770276e-06  3.94307665e-01 
 8.35770276e-06  0.00000000e+00  8.35770276e-06  3.87378224e-01 
 8.40770276e-06  0.00000000e+00  8.40770276e-06  3.80453265e-01 
 8.45770276e-06  0.00000000e+00  8.45770276e-06  3.73532790e-01 
 8.50770276e-06  0.00000000e+00  8.50770276e-06  3.66616805e-01 
 8.55770276e-06  0.00000000e+00  8.55770276e-06  3.59705315e-01 
 8.60770276e-06  0.00000000e+00  8.60770276e-06  3.52798326e-01 
 8.65770276e-06  0.00000000e+00  8.65770276e-06  3.45895850e-01 
 8.70770276e-06  0.00000000e+00  8.70770276e-06  3.38997896e-01 
 8.75770276e-06  0.00000000e+00  8.75770276e-06  3.32104483e-01 
 8.80770276e-06  0.00000000e+00  8.80770276e-06  3.25215629e-01 
 8.85770276e-06  0.00000000e+00  8.85770276e-06  3.18331361e-01 
 8.90770276e-06  0.00000000e+00  8.90770276e-06  3.11451714e-01 
 8.95770276e-06  0.00000000e+00  8.95770276e-06  3.04576731e-01 
 9.00770276e-06  0.00000000e+00  9.00770276e-06  2.97706468e-01 
 9.05770276e-06  0.00000000e+00  9.05770276e-06  2.90840996e-01 
 9.10770276e-06  0.00000000e+00  9.10770276e-06  2.83980407e-01 
 9.15770276e-06  0.00000000e+00  9.15770276e-06  2.77124817e-01 
 9.20770276e-06  0.00000000e+00  9.20770276e-06  2.70274371e-01 
 9.25770276e-06  0.00000000e+00  9.25770276e-06  2.63429256e-01 
 9.30770276e-06  0.00000000e+00  9.30770276e-06  2.56589703e-01 
 9.35770276e-06  0.00000000e+00  9.35770276e-06  2.49756005e-01 
 9.40770276e-06  0.00000000e+00  9.40770276e-06  2.42928529e-01 
 9.45770276e-06  0.00000000e+00  9.45770276e-06  2.36107730e-01 
 9.50770276e-06  0.00000000e+00  9.50770276e-06  2.29294177e-01 
 9.55770276e-06  0.00000000e+00  9.55770276e-06  2.22488572e-01 
 9.60770276e-06  0.00000000e+00  9.60770276e-06  2.15691781e-01 
 9.65770276e-06  0.00000000e+00  9.65770276e-06  2.08904871e-01 
 9.70770276e-06  0.00000000e+00  9.70770276e-06  2.02129147e-01 
 9.75770276e-06  0.00000000e+00  9.75770276e-06  1.95366201e-01 
 9.80770276e-06  0.00000000e+00  9.80770276e-06  1.88617969e-01 
 9.85770276e-06  0.00000000e+00  9.85770276e-06  1.81886803e-01 
 9.90770276e-06  0.00000000e+00  9.90770276e-06  1.75175552e-01 
 9.95770276e-06  0.00000000e+00  9.95770276e-06  1.68487674e-01 
 1.00000000e-05  0.00000000e+00  1.00000000e-05  1.62851345e-01 
