 1.000000e+00  7.576983e+01  1.000000e+00 -3.026519e-04 
 1.023293e+00  7.576983e+01  1.023293e+00 -1.774459e-02 
 1.047129e+00  7.576983e+01  1.047129e+00 -1.815792e-02 
 1.071519e+00  7.576983e+01  1.071519e+00 -1.858087e-02 
 1.096478e+00  7.576983e+01  1.096478e+00 -1.901367e-02 
 1.122018e+00  7.576983e+01  1.122018e+00 -1.945656e-02 
 1.148154e+00  7.576983e+01  1.148154e+00 -1.990976e-02 
 1.174898e+00  7.576983e+01  1.174898e+00 -2.037352e-02 
 1.202264e+00  7.576983e+01  1.202264e+00 -2.084808e-02 
 1.230269e+00  7.576983e+01  1.230269e+00 -2.133369e-02 
 1.258925e+00  7.576983e+01  1.258925e+00 -2.183062e-02 
 1.288250e+00  7.576983e+01  1.288250e+00 -2.233912e-02 
 1.318257e+00  7.576983e+01  1.318257e+00 -2.285946e-02 
 1.348963e+00  7.576983e+01  1.348963e+00 -2.339193e-02 
 1.380384e+00  7.576983e+01  1.380384e+00 -2.393680e-02 
 1.412538e+00  7.576983e+01  1.412538e+00 -2.449436e-02 
 1.445440e+00  7.576983e+01  1.445440e+00 -2.506490e-02 
 1.479108e+00  7.576983e+01  1.479108e+00 -2.564874e-02 
 1.513561e+00  7.576983e+01  1.513561e+00 -2.624618e-02 
 1.548817e+00  7.576983e+01  1.548817e+00 -2.685753e-02 
 1.584893e+00  7.576983e+01  1.584893e+00 -2.748312e-02 
 1.621810e+00  7.576983e+01  1.621810e+00 -2.812328e-02 
 1.659587e+00  7.576983e+01  1.659587e+00 -2.877836e-02 
 1.698244e+00  7.576983e+01  1.698244e+00 -2.944869e-02 
 1.737801e+00  7.576983e+01  1.737801e+00 -3.013464e-02 
 1.778279e+00  7.576983e+01  1.778279e+00 -3.083657e-02 
 1.819701e+00  7.576983e+01  1.819701e+00 -3.155484e-02 
 1.862087e+00  7.576983e+01  1.862087e+00 -3.228985e-02 
 1.905461e+00  7.576983e+01  1.905461e+00 -3.304198e-02 
 1.949845e+00  7.576983e+01  1.949845e+00 -3.381162e-02 
 1.995262e+00  7.576983e+01  1.995262e+00 -3.459920e-02 
 2.041738e+00  7.576983e+01  2.041738e+00 -3.540511e-02 
 2.089296e+00  7.576983e+01  2.089296e+00 -3.622981e-02 
 2.137962e+00  7.576983e+01  2.137962e+00 -3.707371e-02 
 2.187762e+00  7.576983e+01  2.187762e+00 -3.793726e-02 
 2.238721e+00  7.576983e+01  2.238721e+00 -3.882094e-02 
 2.290868e+00  7.576983e+01  2.290868e+00 -3.972519e-02 
 2.344229e+00  7.576983e+01  2.344229e+00 -4.065051e-02 
 2.398833e+00  7.576983e+01  2.398833e+00 -4.159738e-02 
 2.454709e+00  7.576983e+01  2.454709e+00 -4.256631e-02 
 2.511886e+00  7.576983e+01  2.511886e+00 -4.355780e-02 
 2.570396e+00  7.576983e+01  2.570396e+00 -4.457240e-02 
 2.630268e+00  7.576983e+01  2.630268e+00 -4.561062e-02 
 2.691535e+00  7.576983e+01  2.691535e+00 -4.667303e-02 
 2.754229e+00  7.576983e+01  2.754229e+00 -4.776018e-02 
 2.818383e+00  7.576983e+01  2.818383e+00 -4.887266e-02 
 2.884032e+00  7.576983e+01  2.884032e+00 -5.001105e-02 
 2.951209e+00  7.576983e+01  2.951209e+00 -5.117595e-02 
 3.019952e+00  7.576983e+01  3.019952e+00 -5.236799e-02 
 3.090295e+00  7.576983e+01  3.090295e+00 -5.358780e-02 
 3.162278e+00  7.576983e+01  3.162278e+00 -5.483602e-02 
 3.235937e+00  7.576983e+01  3.235937e+00 -5.611331e-02 
 3.311311e+00  7.576983e+01  3.311311e+00 -5.742036e-02 
 3.388442e+00  7.576983e+01  3.388442e+00 -5.875785e-02 
 3.467369e+00  7.576983e+01  3.467369e+00 -6.012650e-02 
 3.548134e+00  7.576983e+01  3.548134e+00 -6.152702e-02 
 3.630781e+00  7.576983e+01  3.630781e+00 -6.296017e-02 
 3.715352e+00  7.576983e+01  3.715352e+00 -6.442670e-02 
 3.801894e+00  7.576983e+01  3.801894e+00 -6.592739e-02 
 3.890451e+00  7.576983e+01  3.890451e+00 -6.746303e-02 
 3.981072e+00  7.576983e+01  3.981072e+00 -6.903445e-02 
 4.073803e+00  7.576983e+01  4.073803e+00 -7.064246e-02 
 4.168694e+00  7.576983e+01  4.168694e+00 -7.228794e-02 
 4.265795e+00  7.576983e+01  4.265795e+00 -7.397174e-02 
 4.365158e+00  7.576983e+01  4.365158e+00 -7.569476e-02 
 4.466836e+00  7.576983e+01  4.466836e+00 -7.745791e-02 
 4.570882e+00  7.576983e+01  4.570882e+00 -7.926214e-02 
 4.677351e+00  7.576982e+01  4.677351e+00 -8.110839e-02 
 4.786301e+00  7.576982e+01  4.786301e+00 -8.299764e-02 
 4.897788e+00  7.576982e+01  4.897788e+00 -8.493090e-02 
 5.011872e+00  7.576982e+01  5.011872e+00 -8.690919e-02 
 5.128614e+00  7.576982e+01  5.128614e+00 -8.893357e-02 
 5.248075e+00  7.576982e+01  5.248075e+00 -9.100509e-02 
 5.370318e+00  7.576982e+01  5.370318e+00 -9.312487e-02 
 5.495409e+00  7.576982e+01  5.495409e+00 -9.529402e-02 
 5.623413e+00  7.576982e+01  5.623413e+00 -9.751370e-02 
 5.754399e+00  7.576982e+01  5.754399e+00 -9.978508e-02 
 5.888437e+00  7.576982e+01  5.888437e+00 -1.021094e-01 
 6.025596e+00  7.576982e+01  6.025596e+00 -1.044878e-01 
 6.165950e+00  7.576982e+01  6.165950e+00 -1.069216e-01 
 6.309573e+00  7.576982e+01  6.309573e+00 -1.094121e-01 
 6.456542e+00  7.576982e+01  6.456542e+00 -1.119607e-01 
 6.606934e+00  7.576982e+01  6.606934e+00 -1.145686e-01 
 6.760830e+00  7.576982e+01  6.760830e+00 -1.172372e-01 
 6.918310e+00  7.576981e+01  6.918310e+00 -1.199680e-01 
 7.079458e+00  7.576981e+01  7.079458e+00 -1.227624e-01 
 7.244360e+00  7.576981e+01  7.244360e+00 -1.256219e-01 
 7.413102e+00  7.576981e+01  7.413102e+00 -1.285480e-01 
 7.585776e+00  7.576981e+01  7.585776e+00 -1.315423e-01 
 7.762471e+00  7.576981e+01  7.762471e+00 -1.346063e-01 
 7.943282e+00  7.576981e+01  7.943282e+00 -1.377416e-01 
 8.128305e+00  7.576981e+01  8.128305e+00 -1.409500e-01 
 8.317638e+00  7.576981e+01  8.317638e+00 -1.442332e-01 
 8.511380e+00  7.576980e+01  8.511380e+00 -1.475928e-01 
 8.709636e+00  7.576980e+01  8.709636e+00 -1.510306e-01 
 8.912509e+00  7.576980e+01  8.912509e+00 -1.545486e-01 
 9.120108e+00  7.576980e+01  9.120108e+00 -1.581485e-01 
 9.332543e+00  7.576980e+01  9.332543e+00 -1.618322e-01 
 9.549926e+00  7.576980e+01  9.549926e+00 -1.656017e-01 
 9.772372e+00  7.576980e+01  9.772372e+00 -1.694591e-01 
 1.000000e+01  7.576979e+01  1.000000e+01 -1.734062e-01 
 1.023293e+01  7.576979e+01  1.023293e+01 -1.774454e-01 
 1.047129e+01  7.576979e+01  1.047129e+01 -1.815786e-01 
 1.071519e+01  7.576979e+01  1.071519e+01 -1.858081e-01 
 1.096478e+01  7.576979e+01  1.096478e+01 -1.901360e-01 
 1.122018e+01  7.576978e+01  1.122018e+01 -1.945649e-01 
 1.148154e+01  7.576978e+01  1.148154e+01 -1.990968e-01 
 1.174898e+01  7.576978e+01  1.174898e+01 -2.037343e-01 
 1.202264e+01  7.576978e+01  1.202264e+01 -2.084799e-01 
 1.230269e+01  7.576977e+01  1.230269e+01 -2.133360e-01 
 1.258925e+01  7.576977e+01  1.258925e+01 -2.183051e-01 
 1.288250e+01  7.576977e+01  1.288250e+01 -2.233901e-01 
 1.318257e+01  7.576976e+01  1.318257e+01 -2.285934e-01 
 1.348963e+01  7.576976e+01  1.348963e+01 -2.339180e-01 
 1.380384e+01  7.576976e+01  1.380384e+01 -2.393666e-01 
 1.412538e+01  7.576975e+01  1.412538e+01 -2.449421e-01 
 1.445440e+01  7.576975e+01  1.445440e+01 -2.506474e-01 
 1.479108e+01  7.576975e+01  1.479108e+01 -2.564857e-01 
 1.513561e+01  7.576974e+01  1.513561e+01 -2.624599e-01 
 1.548817e+01  7.576974e+01  1.548817e+01 -2.685733e-01 
 1.584893e+01  7.576973e+01  1.584893e+01 -2.748291e-01 
 1.621810e+01  7.576973e+01  1.621810e+01 -2.812306e-01 
 1.659587e+01  7.576972e+01  1.659587e+01 -2.877812e-01 
 1.698244e+01  7.576972e+01  1.698244e+01 -2.944844e-01 
 1.737801e+01  7.576971e+01  1.737801e+01 -3.013437e-01 
 1.778279e+01  7.576971e+01  1.778279e+01 -3.083627e-01 
 1.819701e+01  7.576970e+01  1.819701e+01 -3.155453e-01 
 1.862087e+01  7.576970e+01  1.862087e+01 -3.228951e-01 
 1.905461e+01  7.576969e+01  1.905461e+01 -3.304161e-01 
 1.949845e+01  7.576968e+01  1.949845e+01 -3.381123e-01 
 1.995262e+01  7.576967e+01  1.995262e+01 -3.459878e-01 
 2.041738e+01  7.576967e+01  2.041738e+01 -3.540467e-01 
 2.089296e+01  7.576966e+01  2.089296e+01 -3.622933e-01 
 2.137962e+01  7.576965e+01  2.137962e+01 -3.707319e-01 
 2.187762e+01  7.576964e+01  2.187762e+01 -3.793671e-01 
 2.238721e+01  7.576963e+01  2.238721e+01 -3.882035e-01 
 2.290868e+01  7.576962e+01  2.290868e+01 -3.972456e-01 
 2.344229e+01  7.576961e+01  2.344229e+01 -4.064983e-01 
 2.398833e+01  7.576960e+01  2.398833e+01 -4.159666e-01 
 2.454709e+01  7.576959e+01  2.454709e+01 -4.256553e-01 
 2.511886e+01  7.576958e+01  2.511886e+01 -4.355697e-01 
 2.570396e+01  7.576957e+01  2.570396e+01 -4.457151e-01 
 2.630268e+01  7.576956e+01  2.630268e+01 -4.560967e-01 
 2.691535e+01  7.576955e+01  2.691535e+01 -4.667200e-01 
 2.754229e+01  7.576953e+01  2.754229e+01 -4.775909e-01 
 2.818383e+01  7.576952e+01  2.818383e+01 -4.887148e-01 
 2.884032e+01  7.576950e+01  2.884032e+01 -5.000979e-01 
 2.951209e+01  7.576949e+01  2.951209e+01 -5.117461e-01 
 3.019952e+01  7.576947e+01  3.019952e+01 -5.236655e-01 
 3.090295e+01  7.576945e+01  3.090295e+01 -5.358625e-01 
 3.162278e+01  7.576944e+01  3.162278e+01 -5.483436e-01 
 3.235937e+01  7.576942e+01  3.235937e+01 -5.611154e-01 
 3.311311e+01  7.576940e+01  3.311311e+01 -5.741846e-01 
 3.388442e+01  7.576938e+01  3.388442e+01 -5.875581e-01 
 3.467369e+01  7.576936e+01  3.467369e+01 -6.012431e-01 
 3.548134e+01  7.576933e+01  3.548134e+01 -6.152468e-01 
 3.630781e+01  7.576931e+01  3.630781e+01 -6.295766e-01 
 3.715352e+01  7.576928e+01  3.715352e+01 -6.442401e-01 
 3.801894e+01  7.576926e+01  3.801894e+01 -6.592451e-01 
 3.890451e+01  7.576923e+01  3.890451e+01 -6.745995e-01 
 3.981072e+01  7.576920e+01  3.981072e+01 -6.903114e-01 
 4.073803e+01  7.576917e+01  4.073803e+01 -7.063892e-01 
 4.168694e+01  7.576914e+01  4.168694e+01 -7.228414e-01 
 4.265795e+01  7.576911e+01  4.265795e+01 -7.396767e-01 
 4.365158e+01  7.576908e+01  4.365158e+01 -7.569040e-01 
 4.466836e+01  7.576904e+01  4.466836e+01 -7.745324e-01 
 4.570882e+01  7.576900e+01  4.570882e+01 -7.925713e-01 
 4.677351e+01  7.576896e+01  4.677351e+01 -8.110303e-01 
 4.786301e+01  7.576892e+01  4.786301e+01 -8.299190e-01 
 4.897788e+01  7.576888e+01  4.897788e+01 -8.492475e-01 
 5.011872e+01  7.576883e+01  5.011872e+01 -8.690260e-01 
 5.128614e+01  7.576879e+01  5.128614e+01 -8.892650e-01 
 5.248075e+01  7.576874e+01  5.248075e+01 -9.099752e-01 
 5.370318e+01  7.576869e+01  5.370318e+01 -9.311675e-01 
 5.495409e+01  7.576863e+01  5.495409e+01 -9.528533e-01 
 5.623413e+01  7.576858e+01  5.623413e+01 -9.750438e-01 
 5.754399e+01  7.576852e+01  5.754399e+01 -9.977510e-01 
 5.888437e+01  7.576845e+01  5.888437e+01 -1.020987e+00 
 6.025596e+01  7.576839e+01  6.025596e+01 -1.044763e+00 
 6.165950e+01  7.576832e+01  6.165950e+01 -1.069093e+00 
 6.309573e+01  7.576825e+01  6.309573e+01 -1.093990e+00 
 6.456542e+01  7.576818e+01  6.456542e+01 -1.119466e+00 
 6.606934e+01  7.576810e+01  6.606934e+01 -1.145535e+00 
 6.760830e+01  7.576802e+01  6.760830e+01 -1.172210e+00 
 6.918310e+01  7.576793e+01  6.918310e+01 -1.199507e+00 
 7.079458e+01  7.576784e+01  7.079458e+01 -1.227438e+00 
 7.244360e+01  7.576775e+01  7.244360e+01 -1.256020e+00 
 7.413102e+01  7.576765e+01  7.413102e+01 -1.285267e+00 
 7.585776e+01  7.576754e+01  7.585776e+01 -1.315194e+00 
 7.762471e+01  7.576744e+01  7.762471e+01 -1.345818e+00 
 7.943282e+01  7.576732e+01  7.943282e+01 -1.377154e+00 
 8.128305e+01  7.576721e+01  8.128305e+01 -1.409219e+00 
 8.317638e+01  7.576708e+01  8.317638e+01 -1.442030e+00 
 8.511380e+01  7.576695e+01  8.511380e+01 -1.475605e+00 
 8.709636e+01  7.576682e+01  8.709636e+01 -1.509960e+00 
 8.912509e+01  7.576667e+01  8.912509e+01 -1.545115e+00 
 9.120108e+01  7.576653e+01  9.120108e+01 -1.581087e+00 
 9.332543e+01  7.576637e+01  9.332543e+01 -1.617896e+00 
 9.549926e+01  7.576621e+01  9.549926e+01 -1.655561e+00 
 9.772372e+01  7.576604e+01  9.772372e+01 -1.694102e+00 
 1.000000e+02  7.576586e+01  1.000000e+02 -1.733539e+00 
 1.023293e+02  7.576567e+01  1.023293e+02 -1.773892e+00 
 1.047129e+02  7.576547e+01  1.047129e+02 -1.815184e+00 
 1.071519e+02  7.576527e+01  1.071519e+02 -1.857436e+00 
 1.096478e+02  7.576505e+01  1.096478e+02 -1.900670e+00 
 1.122018e+02  7.576483e+01  1.122018e+02 -1.944909e+00 
 1.148154e+02  7.576459e+01  1.148154e+02 -1.990175e+00 
 1.174898e+02  7.576435e+01  1.174898e+02 -2.036494e+00 
 1.202264e+02  7.576409e+01  1.202264e+02 -2.083889e+00 
 1.230269e+02  7.576382e+01  1.230269e+02 -2.132384e+00 
 1.258925e+02  7.576353e+01  1.258925e+02 -2.182007e+00 
 1.288250e+02  7.576324e+01  1.288250e+02 -2.232781e+00 
 1.318257e+02  7.576293e+01  1.318257e+02 -2.284735e+00 
 1.348963e+02  7.576260e+01  1.348963e+02 -2.337895e+00 
 1.380384e+02  7.576226e+01  1.380384e+02 -2.392289e+00 
 1.412538e+02  7.576190e+01  1.412538e+02 -2.447945e+00 
 1.445440e+02  7.576153e+01  1.445440e+02 -2.504893e+00 
 1.479108e+02  7.576114e+01  1.479108e+02 -2.563163e+00 
 1.513561e+02  7.576073e+01  1.513561e+02 -2.622784e+00 
 1.548817e+02  7.576030e+01  1.548817e+02 -2.683789e+00 
 1.584893e+02  7.575985e+01  1.584893e+02 -2.746207e+00 
 1.621810e+02  7.575938e+01  1.621810e+02 -2.810073e+00 
 1.659587e+02  7.575889e+01  1.659587e+02 -2.875420e+00 
 1.698244e+02  7.575838e+01  1.698244e+02 -2.942281e+00 
 1.737801e+02  7.575784e+01  1.737801e+02 -3.010691e+00 
 1.778279e+02  7.575727e+01  1.778279e+02 -3.080685e+00 
 1.819701e+02  7.575668e+01  1.819701e+02 -3.152300e+00 
 1.862087e+02  7.575606e+01  1.862087e+02 -3.225574e+00 
 1.905461e+02  7.575541e+01  1.905461e+02 -3.300543e+00 
 1.949845e+02  7.575474e+01  1.949845e+02 -3.377246e+00 
 1.995262e+02  7.575403e+01  1.995262e+02 -3.455724e+00 
 2.041738e+02  7.575328e+01  2.041738e+02 -3.536016e+00 
 2.089296e+02  7.575250e+01  2.089296e+02 -3.618164e+00 
 2.137962e+02  7.575169e+01  2.137962e+02 -3.702210e+00 
 2.187762e+02  7.575084e+01  2.187762e+02 -3.788198e+00 
 2.238721e+02  7.574994e+01  2.238721e+02 -3.876170e+00 
 2.290868e+02  7.574901e+01  2.290868e+02 -3.966173e+00 
 2.344229e+02  7.574803e+01  2.344229e+02 -4.058252e+00 
 2.398833e+02  7.574700e+01  2.398833e+02 -4.152454e+00 
 2.454709e+02  7.574593e+01  2.454709e+02 -4.248827e+00 
 2.511886e+02  7.574481e+01  2.511886e+02 -4.347420e+00 
 2.570396e+02  7.574363e+01  2.570396e+02 -4.448282e+00 
 2.630268e+02  7.574240e+01  2.630268e+02 -4.551466e+00 
 2.691535e+02  7.574111e+01  2.691535e+02 -4.657022e+00 
 2.754229e+02  7.573976e+01  2.754229e+02 -4.765004e+00 
 2.818383e+02  7.573835e+01  2.818383e+02 -4.875466e+00 
 2.884032e+02  7.573687e+01  2.884032e+02 -4.988464e+00 
 2.951209e+02  7.573533e+01  2.951209e+02 -5.104053e+00 
 3.019952e+02  7.573371e+01  3.019952e+02 -5.222292e+00 
 3.090295e+02  7.573201e+01  3.090295e+02 -5.343239e+00 
 3.162278e+02  7.573024e+01  3.162278e+02 -5.466953e+00 
 3.235937e+02  7.572838e+01  3.235937e+02 -5.593497e+00 
 3.311311e+02  7.572643e+01  3.311311e+02 -5.722931e+00 
 3.388442e+02  7.572440e+01  3.388442e+02 -5.855319e+00 
 3.467369e+02  7.572227e+01  3.467369e+02 -5.990727e+00 
 3.548134e+02  7.572004e+01  3.548134e+02 -6.129219e+00 
 3.630781e+02  7.571771e+01  3.630781e+02 -6.270862e+00 
 3.715352e+02  7.571527e+01  3.715352e+02 -6.415725e+00 
 3.801894e+02  7.571271e+01  3.801894e+02 -6.563877e+00 
 3.890451e+02  7.571004e+01  3.890451e+02 -6.715389e+00 
 3.981072e+02  7.570724e+01  3.981072e+02 -6.870332e+00 
 4.073803e+02  7.570431e+01  4.073803e+02 -7.028780e+00 
 4.168694e+02  7.570125e+01  4.168694e+02 -7.190807e+00 
 4.265795e+02  7.569804e+01  4.265795e+02 -7.356488e+00 
 4.365158e+02  7.569469e+01  4.365158e+02 -7.525901e+00 
 4.466836e+02  7.569118e+01  4.466836e+02 -7.699122e+00 
 4.570882e+02  7.568751e+01  4.570882e+02 -7.876233e+00 
 4.677351e+02  7.568367e+01  4.677351e+02 -8.057312e+00 
 4.786301e+02  7.567965e+01  4.786301e+02 -8.242441e+00 
 4.897788e+02  7.567544e+01  4.897788e+02 -8.431703e+00 
 5.011872e+02  7.567105e+01  5.011872e+02 -8.625182e+00 
 5.128614e+02  7.566645e+01  5.128614e+02 -8.822962e+00 
 5.248075e+02  7.566163e+01  5.248075e+02 -9.025131e+00 
 5.370318e+02  7.565660e+01  5.370318e+02 -9.231774e+00 
 5.495409e+02  7.565134e+01  5.495409e+02 -9.442980e+00 
 5.623413e+02  7.564583e+01  5.623413e+02 -9.658837e+00 
 5.754399e+02  7.564007e+01  5.754399e+02 -9.879437e+00 
 5.888437e+02  7.563405e+01  5.888437e+02 -1.010487e+01 
 6.025596e+02  7.562776e+01  6.025596e+02 -1.033523e+01 
 6.165950e+02  7.562117e+01  6.165950e+02 -1.057060e+01 
 6.309573e+02  7.561429e+01  6.309573e+02 -1.081108e+01 
 6.456542e+02  7.560710e+01  6.456542e+02 -1.105677e+01 
 6.606934e+02  7.559958e+01  6.606934e+02 -1.130775e+01 
 6.760830e+02  7.559171e+01  6.760830e+02 -1.156412e+01 
 6.918310e+02  7.558350e+01  6.918310e+02 -1.182598e+01 
 7.079458e+02  7.557491e+01  7.079458e+02 -1.209343e+01 
 7.244360e+02  7.556594e+01  7.244360e+02 -1.236654e+01 
 7.413102e+02  7.555656e+01  7.413102e+02 -1.264544e+01 
 7.585776e+02  7.554676e+01  7.585776e+02 -1.293019e+01 
 7.762471e+02  7.553652e+01  7.762471e+02 -1.322091e+01 
 7.943282e+02  7.552583e+01  7.943282e+02 -1.351769e+01 
 8.128305e+02  7.551466e+01  8.128305e+02 -1.382062e+01 
 8.317638e+02  7.550300e+01  8.317638e+02 -1.412978e+01 
 8.511380e+02  7.549082e+01  8.511380e+02 -1.444528e+01 
 8.709636e+02  7.547810e+01  8.709636e+02 -1.476721e+01 
 8.912509e+02  7.546483e+01  8.912509e+02 -1.509565e+01 
 9.120108e+02  7.545097e+01  9.120108e+02 -1.543070e+01 
 9.332543e+02  7.543650e+01  9.332543e+02 -1.577243e+01 
 9.549926e+02  7.542141e+01  9.549926e+02 -1.612093e+01 
 9.772372e+02  7.540566e+01  9.772372e+02 -1.647629e+01 
 1.000000e+03  7.538922e+01  1.000000e+03 -1.683858e+01 
 1.023293e+03  7.537208e+01  1.023293e+03 -1.720788e+01 
 1.047129e+03  7.535421e+01  1.047129e+03 -1.758426e+01 
 1.071519e+03  7.533557e+01  1.071519e+03 -1.796779e+01 
 1.096478e+03  7.531614e+01  1.096478e+03 -1.835854e+01 
 1.122018e+03  7.529588e+01  1.122018e+03 -1.875657e+01 
 1.148154e+03  7.527477e+01  1.148154e+03 -1.916193e+01 
 1.174898e+03  7.525278e+01  1.174898e+03 -1.957468e+01 
 1.202264e+03  7.522986e+01  1.202264e+03 -1.999487e+01 
 1.230269e+03  7.520600e+01  1.230269e+03 -2.042254e+01 
 1.258925e+03  7.518115e+01  1.258925e+03 -2.085772e+01 
 1.288250e+03  7.515528e+01  1.288250e+03 -2.130045e+01 
 1.318257e+03  7.512836e+01  1.318257e+03 -2.175074e+01 
 1.348963e+03  7.510034e+01  1.348963e+03 -2.220862e+01 
 1.380384e+03  7.507120e+01  1.380384e+03 -2.267409e+01 
 1.412538e+03  7.504089e+01  1.412538e+03 -2.314716e+01 
 1.445440e+03  7.500938e+01  1.445440e+03 -2.362781e+01 
 1.479108e+03  7.497663e+01  1.479108e+03 -2.411603e+01 
 1.513561e+03  7.494260e+01  1.513561e+03 -2.461179e+01 
 1.548817e+03  7.490724e+01  1.548817e+03 -2.511507e+01 
 1.584893e+03  7.487053e+01  1.584893e+03 -2.562582e+01 
 1.621810e+03  7.483241e+01  1.621810e+03 -2.614398e+01 
 1.659587e+03  7.479286e+01  1.659587e+03 -2.666948e+01 
 1.698244e+03  7.475182e+01  1.698244e+03 -2.720227e+01 
 1.737801e+03  7.470926e+01  1.737801e+03 -2.774224e+01 
 1.778279e+03  7.466514e+01  1.778279e+03 -2.828930e+01 
 1.819701e+03  7.461941e+01  1.819701e+03 -2.884335e+01 
 1.862087e+03  7.457204e+01  1.862087e+03 -2.940426e+01 
 1.905461e+03  7.452298e+01  1.905461e+03 -2.997189e+01 
 1.949845e+03  7.447220e+01  1.949845e+03 -3.054611e+01 
 1.995262e+03  7.441965e+01  1.995262e+03 -3.112676e+01 
 2.041738e+03  7.436530e+01  2.041738e+03 -3.171366e+01 
 2.089296e+03  7.430911e+01  2.089296e+03 -3.230664e+01 
 2.137962e+03  7.425104e+01  2.137962e+03 -3.290551e+01 
 2.187762e+03  7.419106e+01  2.187762e+03 -3.351005e+01 
 2.238721e+03  7.412912e+01  2.238721e+03 -3.412005e+01 
 2.290868e+03  7.406519e+01  2.290868e+03 -3.473528e+01 
 2.344229e+03  7.399925e+01  2.344229e+03 -3.535550e+01 
 2.398833e+03  7.393126e+01  2.398833e+03 -3.598045e+01 
 2.454709e+03  7.386118e+01  2.454709e+03 -3.660988e+01 
 2.511886e+03  7.378900e+01  2.511886e+03 -3.724350e+01 
 2.570396e+03  7.371467e+01  2.570396e+03 -3.788104e+01 
 2.630268e+03  7.363819e+01  2.630268e+03 -3.852220e+01 
 2.691535e+03  7.355951e+01  2.691535e+03 -3.916668e+01 
 2.754229e+03  7.347863e+01  2.754229e+03 -3.981417e+01 
 2.818383e+03  7.339552e+01  2.818383e+03 -4.046435e+01 
 2.884032e+03  7.331017e+01  2.884032e+03 -4.111690e+01 
 2.951209e+03  7.322255e+01  2.951209e+03 -4.177148e+01 
 3.019952e+03  7.313266e+01  3.019952e+03 -4.242775e+01 
 3.090295e+03  7.304049e+01  3.090295e+03 -4.308539e+01 
 3.162278e+03  7.294603e+01  3.162278e+03 -4.374404e+01 
 3.235937e+03  7.284927e+01  3.235937e+03 -4.440335e+01 
 3.311311e+03  7.275020e+01  3.311311e+03 -4.506298e+01 
 3.388442e+03  7.264884e+01  3.388442e+03 -4.572259e+01 
 3.467369e+03  7.254517e+01  3.467369e+03 -4.638181e+01 
 3.548134e+03  7.243921e+01  3.548134e+03 -4.704030e+01 
 3.630781e+03  7.233095e+01  3.630781e+03 -4.769771e+01 
 3.715352e+03  7.222042e+01  3.715352e+03 -4.835370e+01 
 3.801894e+03  7.210761e+01  3.801894e+03 -4.900794e+01 
 3.890451e+03  7.199254e+01  3.890451e+03 -4.966008e+01 
 3.981072e+03  7.187524e+01  3.981072e+03 -5.030979e+01 
 4.073803e+03  7.175570e+01  4.073803e+03 -5.095676e+01 
 4.168694e+03  7.163397e+01  4.168694e+03 -5.160066e+01 
 4.265795e+03  7.151005e+01  4.265795e+03 -5.224118e+01 
 4.365158e+03  7.138397e+01  4.365158e+03 -5.287803e+01 
 4.466836e+03  7.125576e+01  4.466836e+03 -5.351092e+01 
 4.570882e+03  7.112545e+01  4.570882e+03 -5.413955e+01 
 4.677351e+03  7.099306e+01  4.677351e+03 -5.476367e+01 
 4.786301e+03  7.085862e+01  4.786301e+03 -5.538300e+01 
 4.897788e+03  7.072217e+01  4.897788e+03 -5.599730e+01 
 5.011872e+03  7.058374e+01  5.011872e+03 -5.660633e+01 
 5.128614e+03  7.044337e+01  5.128614e+03 -5.720986e+01 
 5.248075e+03  7.030109e+01  5.248075e+03 -5.780767e+01 
 5.370318e+03  7.015693e+01  5.370318e+03 -5.839957e+01 
 5.495409e+03  7.001094e+01  5.495409e+03 -5.898535e+01 
 5.623413e+03  6.986316e+01  5.623413e+03 -5.956485e+01 
 5.754399e+03  6.971361e+01  5.754399e+03 -6.013790e+01 
 5.888437e+03  6.956235e+01  5.888437e+03 -6.070433e+01 
 6.025596e+03  6.940941e+01  6.025596e+03 -6.126401e+01 
 6.165950e+03  6.925484e+01  6.165950e+03 -6.181681e+01 
 6.309573e+03  6.909867e+01  6.309573e+03 -6.236260e+01 
 6.456542e+03  6.894094e+01  6.456542e+03 -6.290129e+01 
 6.606934e+03  6.878170e+01  6.606934e+03 -6.343278e+01 
 6.760830e+03  6.862098e+01  6.760830e+03 -6.395697e+01 
 6.918310e+03  6.845883e+01  6.918310e+03 -6.447381e+01 
 7.079458e+03  6.829529e+01  7.079458e+03 -6.498322e+01 
 7.244360e+03  6.813040e+01  7.244360e+03 -6.548516e+01 
 7.413102e+03  6.796419e+01  7.413102e+03 -6.597959e+01 
 7.585776e+03  6.779671e+01  7.585776e+03 -6.646646e+01 
 7.762471e+03  6.762799e+01  7.762471e+03 -6.694576e+01 
 7.943282e+03  6.745808e+01  7.943282e+03 -6.741748e+01 
 8.128305e+03  6.728701e+01  8.128305e+03 -6.788160e+01 
 8.317638e+03  6.711482e+01  8.317638e+03 -6.833814e+01 
 8.511380e+03  6.694154e+01  8.511380e+03 -6.878709e+01 
 8.709636e+03  6.676722e+01  8.709636e+03 -6.922849e+01 
 8.912509e+03  6.659188e+01  8.912509e+03 -6.966235e+01 
 9.120108e+03  6.641556e+01  9.120108e+03 -7.008870e+01 
 9.332543e+03  6.623830e+01  9.332543e+03 -7.050758e+01 
 9.549926e+03  6.606013e+01  9.549926e+03 -7.091904e+01 
 9.772372e+03  6.588108e+01  9.772372e+03 -7.132312e+01 
 1.000000e+04  6.570118e+01  1.000000e+04 -7.171988e+01 
 1.023293e+04  6.552046e+01  1.023293e+04 -7.210938e+01 
 1.047129e+04  6.533896e+01  1.047129e+04 -7.249167e+01 
 1.071519e+04  6.515669e+01  1.071519e+04 -7.286682e+01 
 1.096478e+04  6.497370e+01  1.096478e+04 -7.323491e+01 
 1.122018e+04  6.479000e+01  1.122018e+04 -7.359601e+01 
 1.148154e+04  6.460563e+01  1.148154e+04 -7.395019e+01 
 1.174898e+04  6.442060e+01  1.174898e+04 -7.429753e+01 
 1.202264e+04  6.423496e+01  1.202264e+04 -7.463813e+01 
 1.230269e+04  6.404870e+01  1.230269e+04 -7.497205e+01 
 1.258925e+04  6.386187e+01  1.258925e+04 -7.529939e+01 
 1.288250e+04  6.367449e+01  1.288250e+04 -7.562024e+01 
 1.318257e+04  6.348657e+01  1.318257e+04 -7.593468e+01 
 1.348963e+04  6.329814e+01  1.348963e+04 -7.624281e+01 
 1.380384e+04  6.310922e+01  1.380384e+04 -7.654471e+01 
 1.412538e+04  6.291983e+01  1.412538e+04 -7.684049e+01 
 1.445440e+04  6.272998e+01  1.445440e+04 -7.713023e+01 
 1.479108e+04  6.253970e+01  1.479108e+04 -7.741404e+01 
 1.513561e+04  6.234900e+01  1.513561e+04 -7.769199e+01 
 1.548817e+04  6.215790e+01  1.548817e+04 -7.796420e+01 
 1.584893e+04  6.196641e+01  1.584893e+04 -7.823075e+01 
 1.621810e+04  6.177456e+01  1.621810e+04 -7.849174e+01 
 1.659587e+04  6.158236e+01  1.659587e+04 -7.874727e+01 
 1.698244e+04  6.138982e+01  1.698244e+04 -7.899742e+01 
 1.737801e+04  6.119696e+01  1.737801e+04 -7.924230e+01 
 1.778279e+04  6.100378e+01  1.778279e+04 -7.948200e+01 
 1.819701e+04  6.081031e+01  1.819701e+04 -7.971662e+01 
 1.862087e+04  6.061655e+01  1.862087e+04 -7.994623e+01 
 1.905461e+04  6.042252e+01  1.905461e+04 -8.017095e+01 
 1.949845e+04  6.022823e+01  1.949845e+04 -8.039085e+01 
 1.995262e+04  6.003369e+01  1.995262e+04 -8.060604e+01 
 2.041738e+04  5.983891e+01  2.041738e+04 -8.081659e+01 
 2.089296e+04  5.964391e+01  2.089296e+04 -8.102260e+01 
 2.137962e+04  5.944868e+01  2.137962e+04 -8.122416e+01 
 2.187762e+04  5.925324e+01  2.187762e+04 -8.142135e+01 
 2.238721e+04  5.905760e+01  2.238721e+04 -8.161427e+01 
 2.290868e+04  5.886177e+01  2.290868e+04 -8.180298e+01 
 2.344229e+04  5.866576e+01  2.344229e+04 -8.198759e+01 
 2.398833e+04  5.846957e+01  2.398833e+04 -8.216816e+01 
 2.454709e+04  5.827321e+01  2.454709e+04 -8.234479e+01 
 2.511886e+04  5.807669e+01  2.511886e+04 -8.251755e+01 
 2.570396e+04  5.788001e+01  2.570396e+04 -8.268652e+01 
 2.630268e+04  5.768319e+01  2.630268e+04 -8.285178e+01 
 2.691535e+04  5.748623e+01  2.691535e+04 -8.301341e+01 
 2.754229e+04  5.728913e+01  2.754229e+04 -8.317148e+01 
 2.818383e+04  5.709191e+01  2.818383e+04 -8.332607e+01 
 2.884032e+04  5.689456e+01  2.884032e+04 -8.347724e+01 
 2.951209e+04  5.669709e+01  2.951209e+04 -8.362507e+01 
 3.019952e+04  5.649951e+01  3.019952e+04 -8.376964e+01 
 3.090295e+04  5.630182e+01  3.090295e+04 -8.391101e+01 
 3.162278e+04  5.610403e+01  3.162278e+04 -8.404924e+01 
 3.235937e+04  5.590614e+01  3.235937e+04 -8.418441e+01 
 3.311311e+04  5.570816e+01  3.311311e+04 -8.431658e+01 
 3.388442e+04  5.551009e+01  3.388442e+04 -8.444582e+01 
 3.467369e+04  5.531193e+01  3.467369e+04 -8.457218e+01 
 3.548134e+04  5.511369e+01  3.548134e+04 -8.469574e+01 
 3.630781e+04  5.491537e+01  3.630781e+04 -8.481655e+01 
 3.715352e+04  5.471698e+01  3.715352e+04 -8.493467e+01 
 3.801894e+04  5.451851e+01  3.801894e+04 -8.505016e+01 
 3.890451e+04  5.431998e+01  3.890451e+04 -8.516308e+01 
 3.981072e+04  5.412138e+01  3.981072e+04 -8.527348e+01 
 4.073803e+04  5.392271e+01  4.073803e+04 -8.538143e+01 
 4.168694e+04  5.372399e+01  4.168694e+04 -8.548697e+01 
 4.265795e+04  5.352521e+01  4.265795e+04 -8.559015e+01 
 4.365158e+04  5.332638e+01  4.365158e+04 -8.569103e+01 
 4.466836e+04  5.312749e+01  4.466836e+04 -8.578967e+01 
 4.570882e+04  5.292856e+01  4.570882e+04 -8.588610e+01 
 4.677351e+04  5.272957e+01  4.677351e+04 -8.598038e+01 
 4.786301e+04  5.253054e+01  4.786301e+04 -8.607256e+01 
 4.897788e+04  5.233147e+01  4.897788e+04 -8.616269e+01 
 5.011872e+04  5.213236e+01  5.011872e+04 -8.625080e+01 
 5.128614e+04  5.193320e+01  5.128614e+04 -8.633695e+01 
 5.248075e+04  5.173401e+01  5.248075e+04 -8.642118e+01 
 5.370318e+04  5.153478e+01  5.370318e+04 -8.650353e+01 
 5.495409e+04  5.133552e+01  5.495409e+04 -8.658405e+01 
 5.623413e+04  5.113622e+01  5.623413e+04 -8.666277e+01 
 5.754399e+04  5.093690e+01  5.754399e+04 -8.673974e+01 
 5.888437e+04  5.073754e+01  5.888437e+04 -8.681499e+01 
 6.025596e+04  5.053815e+01  6.025596e+04 -8.688857e+01 
 6.165950e+04  5.033874e+01  6.165950e+04 -8.696052e+01 
 6.309573e+04  5.013930e+01  6.309573e+04 -8.703086e+01 
 6.456542e+04  4.993983e+01  6.456542e+04 -8.709965e+01 
 6.606934e+04  4.974034e+01  6.606934e+04 -8.716690e+01 
 6.760830e+04  4.954083e+01  6.760830e+04 -8.723267e+01 
 6.918310e+04  4.934130e+01  6.918310e+04 -8.729697e+01 
 7.079458e+04  4.914174e+01  7.079458e+04 -8.735985e+01 
 7.244360e+04  4.894217e+01  7.244360e+04 -8.742134e+01 
 7.413102e+04  4.874257e+01  7.413102e+04 -8.748148e+01 
 7.585776e+04  4.854296e+01  7.585776e+04 -8.754028e+01 
 7.762471e+04  4.834333e+01  7.762471e+04 -8.759778e+01 
 7.943282e+04  4.814368e+01  7.943282e+04 -8.765402e+01 
 8.128305e+04  4.794402e+01  8.128305e+04 -8.770902e+01 
 8.317638e+04  4.774434e+01  8.317638e+04 -8.776281e+01 
 8.511380e+04  4.754465e+01  8.511380e+04 -8.781542e+01 
 8.709636e+04  4.734494e+01  8.709636e+04 -8.786687e+01 
 8.912509e+04  4.714523e+01  8.912509e+04 -8.791720e+01 
 9.120108e+04  4.694549e+01  9.120108e+04 -8.796643e+01 
 9.332543e+04  4.674575e+01  9.332543e+04 -8.801458e+01 
 9.549926e+04  4.654599e+01  9.549926e+04 -8.806169e+01 
 9.772372e+04  4.634623e+01  9.772372e+04 -8.810777e+01 
 1.000000e+05  4.614645e+01  1.000000e+05 -8.815285e+01 
 1.023293e+05  4.594666e+01  1.023293e+05 -8.819695e+01 
 1.047129e+05  4.574687e+01  1.047129e+05 -8.824010e+01 
 1.071519e+05  4.554706e+01  1.071519e+05 -8.828232e+01 
 1.096478e+05  4.534725e+01  1.096478e+05 -8.832364e+01 
 1.122018e+05  4.514742e+01  1.122018e+05 -8.836406e+01 
 1.148154e+05  4.494759e+01  1.148154e+05 -8.840362e+01 
 1.174898e+05  4.474776e+01  1.174898e+05 -8.844234e+01 
 1.202264e+05  4.454791e+01  1.202264e+05 -8.848023e+01 
 1.230269e+05  4.434806e+01  1.230269e+05 -8.851731e+01 
 1.258925e+05  4.414820e+01  1.258925e+05 -8.855362e+01 
 1.288250e+05  4.394833e+01  1.288250e+05 -8.858915e+01 
 1.318257e+05  4.374846e+01  1.318257e+05 -8.862394e+01 
 1.348963e+05  4.354858e+01  1.348963e+05 -8.865801e+01 
 1.380384e+05  4.334870e+01  1.380384e+05 -8.869136e+01 
 1.412538e+05  4.314881e+01  1.412538e+05 -8.872402e+01 
 1.445440e+05  4.294892e+01  1.445440e+05 -8.875600e+01 
 1.479108e+05  4.274902e+01  1.479108e+05 -8.878733e+01 
 1.513561e+05  4.254912e+01  1.513561e+05 -8.881801e+01 
 1.548817e+05  4.234921e+01  1.548817e+05 -8.884807e+01 
 1.584893e+05  4.214930e+01  1.584893e+05 -8.887751e+01 
 1.621810e+05  4.194938e+01  1.621810e+05 -8.890637e+01 
 1.659587e+05  4.174947e+01  1.659587e+05 -8.893464e+01 
 1.698244e+05  4.154954e+01  1.698244e+05 -8.896235e+01 
 1.737801e+05  4.134962e+01  1.737801e+05 -8.898951e+01 
 1.778279e+05  4.114969e+01  1.778279e+05 -8.901613e+01 
 1.819701e+05  4.094975e+01  1.819701e+05 -8.904223e+01 
 1.862087e+05  4.074982e+01  1.862087e+05 -8.906783e+01 
 1.905461e+05  4.054988e+01  1.905461e+05 -8.909293e+01 
 1.949845e+05  4.034994e+01  1.949845e+05 -8.911755e+01 
 1.995262e+05  4.014999e+01  1.995262e+05 -8.914171e+01 
 2.041738e+05  3.995005e+01  2.041738e+05 -8.916541e+01 
 2.089296e+05  3.975010e+01  2.089296e+05 -8.918866e+01 
 2.137962e+05  3.955015e+01  2.137962e+05 -8.921149e+01 
 2.187762e+05  3.935019e+01  2.187762e+05 -8.923390e+01 
 2.238721e+05  3.915024e+01  2.238721e+05 -8.925590e+01 
 2.290868e+05  3.895028e+01  2.290868e+05 -8.927751e+01 
 2.344229e+05  3.875032e+01  2.344229e+05 -8.929874e+01 
 2.398833e+05  3.855036e+01  2.398833e+05 -8.931960e+01 
 2.454709e+05  3.835039e+01  2.454709e+05 -8.934009e+01 
 2.511886e+05  3.815043e+01  2.511886e+05 -8.936023e+01 
 2.570396e+05  3.795046e+01  2.570396e+05 -8.938004e+01 
 2.630268e+05  3.775049e+01  2.630268e+05 -8.939952e+01 
 2.691535e+05  3.755052e+01  2.691535e+05 -8.941868e+01 
 2.754229e+05  3.735055e+01  2.754229e+05 -8.943753e+01 
 2.818383e+05  3.715058e+01  2.818383e+05 -8.945608e+01 
 2.884032e+05  3.695061e+01  2.884032e+05 -8.947434e+01 
 2.951209e+05  3.675063e+01  2.951209e+05 -8.949233e+01 
 3.019952e+05  3.655066e+01  3.019952e+05 -8.951005e+01 
 3.090295e+05  3.635068e+01  3.090295e+05 -8.952750e+01 
 3.162278e+05  3.615070e+01  3.162278e+05 -8.954471e+01 
 3.235937e+05  3.595072e+01  3.235937e+05 -8.956168e+01 
 3.311311e+05  3.575074e+01  3.311311e+05 -8.957841e+01 
 3.388442e+05  3.555076e+01  3.388442e+05 -8.959492e+01 
 3.467369e+05  3.535078e+01  3.467369e+05 -8.961121e+01 
 3.548134e+05  3.515079e+01  3.548134e+05 -8.962730e+01 
 3.630781e+05  3.495081e+01  3.630781e+05 -8.964319e+01 
 3.715352e+05  3.475082e+01  3.715352e+05 -8.965890e+01 
 3.801894e+05  3.455084e+01  3.801894e+05 -8.967442e+01 
 3.890451e+05  3.435085e+01  3.890451e+05 -8.968977e+01 
 3.981072e+05  3.415086e+01  3.981072e+05 -8.970495e+01 
 4.073803e+05  3.395088e+01  4.073803e+05 -8.971998e+01 
 4.168694e+05  3.375089e+01  4.168694e+05 -8.973486e+01 
 4.265795e+05  3.355090e+01  4.265795e+05 -8.974960e+01 
 4.365158e+05  3.335091e+01  4.365158e+05 -8.976420e+01 
 4.466836e+05  3.315092e+01  4.466836e+05 -8.977868e+01 
 4.570882e+05  3.295093e+01  4.570882e+05 -8.979305e+01 
 4.677351e+05  3.275094e+01  4.677351e+05 -8.980730e+01 
 4.786301e+05  3.255094e+01  4.786301e+05 -8.982145e+01 
 4.897788e+05  3.235095e+01  4.897788e+05 -8.983551e+01 
 5.011872e+05  3.215096e+01  5.011872e+05 -8.984948e+01 
 5.128614e+05  3.195097e+01  5.128614e+05 -8.986337e+01 
 5.248075e+05  3.175097e+01  5.248075e+05 -8.987719e+01 
 5.370318e+05  3.155098e+01  5.370318e+05 -8.989094e+01 
 5.495409e+05  3.135098e+01  5.495409e+05 -8.990464e+01 
 5.623413e+05  3.115099e+01  5.623413e+05 -8.991828e+01 
 5.754399e+05  3.095099e+01  5.754399e+05 -8.993188e+01 
 5.888437e+05  3.075099e+01  5.888437e+05 -8.994545e+01 
 6.025596e+05  3.055100e+01  6.025596e+05 -8.995899e+01 
 6.165950e+05  3.035100e+01  6.165950e+05 -8.997250e+01 
 6.309573e+05  3.015100e+01  6.309573e+05 -8.998600e+01 
 6.456542e+05  2.995100e+01  6.456542e+05 -8.999949e+01 
 6.606934e+05  2.975101e+01  6.606934e+05 -9.001298e+01 
 6.760830e+05  2.955101e+01  6.760830e+05 -9.002648e+01 
 6.918310e+05  2.935101e+01  6.918310e+05 -9.004000e+01 
 7.079458e+05  2.915101e+01  7.079458e+05 -9.005353e+01 
 7.244360e+05  2.895101e+01  7.244360e+05 -9.006709e+01 
 7.413102e+05  2.875101e+01  7.413102e+05 -9.008069e+01 
 7.585776e+05  2.855101e+01  7.585776e+05 -9.009433e+01 
 7.762471e+05  2.835101e+01  7.762471e+05 -9.010802e+01 
 7.943282e+05  2.815101e+01  7.943282e+05 -9.012177e+01 
 8.128305e+05  2.795100e+01  8.128305e+05 -9.013559e+01 
 8.317638e+05  2.775100e+01  8.317638e+05 -9.014947e+01 
 8.511380e+05  2.755100e+01  8.511380e+05 -9.016343e+01 
 8.709636e+05  2.735100e+01  8.709636e+05 -9.017748e+01 
 8.912509e+05  2.715099e+01  8.912509e+05 -9.019163e+01 
 9.120108e+05  2.695099e+01  9.120108e+05 -9.020588e+01 
 9.332543e+05  2.675098e+01  9.332543e+05 -9.022023e+01 
 9.549926e+05  2.655098e+01  9.549926e+05 -9.023470e+01 
 9.772372e+05  2.635097e+01  9.772372e+05 -9.024930e+01 
 1.000000e+06  2.615097e+01  1.000000e+06 -9.026403e+01 
 1.023293e+06  2.595096e+01  1.023293e+06 -9.027890e+01 
 1.047129e+06  2.575096e+01  1.047129e+06 -9.029391e+01 
 1.071519e+06  2.555095e+01  1.071519e+06 -9.030909e+01 
 1.096478e+06  2.535094e+01  1.096478e+06 -9.032442e+01 
 1.122018e+06  2.515093e+01  1.122018e+06 -9.033993e+01 
 1.148154e+06  2.495092e+01  1.148154e+06 -9.035562e+01 
 1.174898e+06  2.475091e+01  1.174898e+06 -9.037150e+01 
 1.202264e+06  2.455090e+01  1.202264e+06 -9.038757e+01 
 1.230269e+06  2.435089e+01  1.230269e+06 -9.040385e+01 
 1.258925e+06  2.415088e+01  1.258925e+06 -9.042034e+01 
 1.288250e+06  2.395087e+01  1.288250e+06 -9.043706e+01 
 1.318257e+06  2.375086e+01  1.318257e+06 -9.045401e+01 
 1.348963e+06  2.355084e+01  1.348963e+06 -9.047119e+01 
 1.380384e+06  2.335083e+01  1.380384e+06 -9.048863e+01 
 1.412538e+06  2.315082e+01  1.412538e+06 -9.050633e+01 
 1.445440e+06  2.295080e+01  1.445440e+06 -9.052430e+01 
 1.479108e+06  2.275078e+01  1.479108e+06 -9.054254e+01 
 1.513561e+06  2.255077e+01  1.513561e+06 -9.056107e+01 
 1.548817e+06  2.235075e+01  1.548817e+06 -9.057990e+01 
 1.584893e+06  2.215073e+01  1.584893e+06 -9.059903e+01 
 1.621810e+06  2.195071e+01  1.621810e+06 -9.061849e+01 
 1.659587e+06  2.175069e+01  1.659587e+06 -9.063827e+01 
 1.698244e+06  2.155067e+01  1.698244e+06 -9.065839e+01 
 1.737801e+06  2.135064e+01  1.737801e+06 -9.067885e+01 
 1.778279e+06  2.115062e+01  1.778279e+06 -9.069968e+01 
 1.819701e+06  2.095059e+01  1.819701e+06 -9.072088e+01 
 1.862087e+06  2.075057e+01  1.862087e+06 -9.074246e+01 
 1.905461e+06  2.055054e+01  1.905461e+06 -9.076443e+01 
 1.949845e+06  2.035051e+01  1.949845e+06 -9.078681e+01 
 1.995262e+06  2.015048e+01  1.995262e+06 -9.080961e+01 
 2.041738e+06  1.995045e+01  2.041738e+06 -9.083283e+01 
 2.089296e+06  1.975041e+01  2.089296e+06 -9.085650e+01 
 2.137962e+06  1.955038e+01  2.137962e+06 -9.088062e+01 
 2.187762e+06  1.935034e+01  2.187762e+06 -9.090521e+01 
 2.238721e+06  1.915030e+01  2.238721e+06 -9.093027e+01 
 2.290868e+06  1.895026e+01  2.290868e+06 -9.095583e+01 
 2.344229e+06  1.875021e+01  2.344229e+06 -9.098190e+01 
 2.398833e+06  1.855017e+01  2.398833e+06 -9.100848e+01 
 2.454709e+06  1.835012e+01  2.454709e+06 -9.103560e+01 
 2.511886e+06  1.815007e+01  2.511886e+06 -9.106327e+01 
 2.570396e+06  1.795002e+01  2.570396e+06 -9.109150e+01 
 2.630268e+06  1.774996e+01  2.630268e+06 -9.112031e+01 
 2.691535e+06  1.754991e+01  2.691535e+06 -9.114972e+01 
 2.754229e+06  1.734985e+01  2.754229e+06 -9.117973e+01 
 2.818383e+06  1.714979e+01  2.818383e+06 -9.121036e+01 
 2.884032e+06  1.694972e+01  2.884032e+06 -9.124164e+01 
 2.951209e+06  1.674965e+01  2.951209e+06 -9.127358e+01 
 3.019952e+06  1.654958e+01  3.019952e+06 -9.130619e+01 
 3.090295e+06  1.634950e+01  3.090295e+06 -9.133949e+01 
 3.162278e+06  1.614942e+01  3.162278e+06 -9.137350e+01 
 3.235937e+06  1.594934e+01  3.235937e+06 -9.140823e+01 
 3.311311e+06  1.574925e+01  3.311311e+06 -9.144372e+01 
 3.388442e+06  1.554916e+01  3.388442e+06 -9.147996e+01 
 3.467369e+06  1.534907e+01  3.467369e+06 -9.151699e+01 
 3.548134e+06  1.514897e+01  3.548134e+06 -9.155483e+01 
 3.630781e+06  1.494886e+01  3.630781e+06 -9.159348e+01 
 3.715352e+06  1.474876e+01  3.715352e+06 -9.163298e+01 
 3.801894e+06  1.454864e+01  3.801894e+06 -9.167334e+01 
 3.890451e+06  1.434852e+01  3.890451e+06 -9.171459e+01 
 3.981072e+06  1.414840e+01  3.981072e+06 -9.175675e+01 
 4.073803e+06  1.394826e+01  4.073803e+06 -9.179983e+01 
 4.168694e+06  1.374813e+01  4.168694e+06 -9.184387e+01 
 4.265795e+06  1.354798e+01  4.265795e+06 -9.188888e+01 
 4.365158e+06  1.334783e+01  4.365158e+06 -9.193489e+01 
 4.466836e+06  1.314767e+01  4.466836e+06 -9.198192e+01 
 4.570882e+06  1.294751e+01  4.570882e+06 -9.203000e+01 
 4.677351e+06  1.274734e+01  4.677351e+06 -9.207916e+01 
 4.786301e+06  1.254716e+01  4.786301e+06 -9.212941e+01 
 4.897788e+06  1.234697e+01  4.897788e+06 -9.218079e+01 
 5.011872e+06  1.214677e+01  5.011872e+06 -9.223332e+01 
 5.128614e+06  1.194656e+01  5.128614e+06 -9.228703e+01 
 5.248075e+06  1.174634e+01  5.248075e+06 -9.234194e+01 
 5.370318e+06  1.154611e+01  5.370318e+06 -9.239810e+01 
 5.495409e+06  1.134588e+01  5.495409e+06 -9.245552e+01 
 5.623413e+06  1.114563e+01  5.623413e+06 -9.251423e+01 
 5.754399e+06  1.094536e+01  5.754399e+06 -9.257427e+01 
 5.888437e+06  1.074509e+01  5.888437e+06 -9.263567e+01 
 6.025596e+06  1.054480e+01  6.025596e+06 -9.269847e+01 
 6.165950e+06  1.034450e+01  6.165950e+06 -9.276268e+01 
 6.309573e+06  1.014419e+01  6.309573e+06 -9.282835e+01 
 6.456542e+06  9.943862e+00  6.456542e+06 -9.289551e+01 
 6.606934e+06  9.743518e+00  6.606934e+06 -9.296420e+01 
 6.760830e+06  9.543158e+00  6.760830e+06 -9.303445e+01 
 6.918310e+06  9.342781e+00  6.918310e+06 -9.310629e+01 
 7.079458e+06  9.142386e+00  7.079458e+06 -9.317978e+01 
 7.244360e+06  8.941973e+00  7.244360e+06 -9.325493e+01 
 7.413102e+06  8.741541e+00  7.413102e+06 -9.333180e+01 
 7.585776e+06  8.541089e+00  7.585776e+06 -9.341042e+01 
 7.762471e+06  8.340615e+00  7.762471e+06 -9.349083e+01 
 7.943282e+06  8.140120e+00  7.943282e+06 -9.357308e+01 
 8.128305e+06  7.939601e+00  8.128305e+06 -9.365721e+01 
 8.317638e+06  7.739058e+00  8.317638e+06 -9.374325e+01 
 8.511380e+06  7.538490e+00  8.511380e+06 -9.383126e+01 
 8.709636e+06  7.337895e+00  8.709636e+06 -9.392128e+01 
 8.912509e+06  7.137273e+00  8.912509e+06 -9.401336e+01 
 9.120108e+06  6.936622e+00  9.120108e+06 -9.410754e+01 
 9.332543e+06  6.735941e+00  9.332543e+06 -9.420387e+01 
 9.549926e+06  6.535228e+00  9.549926e+06 -9.430241e+01 
 9.772372e+06  6.334482e+00  9.772372e+06 -9.440319e+01 
 1.000000e+07  6.133701e+00  1.000000e+07 -9.450628e+01 
 1.023293e+07  5.932885e+00  1.023293e+07 -9.461172e+01 
 1.047129e+07  5.732030e+00  1.047129e+07 -9.471957e+01 
 1.071519e+07  5.531136e+00  1.071519e+07 -9.482989e+01 
 1.096478e+07  5.330201e+00  1.096478e+07 -9.494272e+01 
 1.122018e+07  5.129222e+00  1.122018e+07 -9.505813e+01 
 1.148154e+07  4.928199e+00  1.148154e+07 -9.517618e+01 
 1.174898e+07  4.727128e+00  1.174898e+07 -9.529692e+01 
 1.202264e+07  4.526008e+00  1.202264e+07 -9.542041e+01 
 1.230269e+07  4.324837e+00  1.230269e+07 -9.554672e+01 
 1.258925e+07  4.123612e+00  1.258925e+07 -9.567591e+01 
 1.288250e+07  3.922330e+00  1.288250e+07 -9.580804e+01 
 1.318257e+07  3.720990e+00  1.318257e+07 -9.594318e+01 
 1.348963e+07  3.519589e+00  1.348963e+07 -9.608140e+01 
 1.380384e+07  3.318124e+00  1.380384e+07 -9.622276e+01 
 1.412538e+07  3.116591e+00  1.412538e+07 -9.636734e+01 
 1.445440e+07  2.914989e+00  1.445440e+07 -9.651520e+01 
 1.479108e+07  2.713315e+00  1.479108e+07 -9.666642e+01 
 1.513561e+07  2.511564e+00  1.513561e+07 -9.682107e+01 
 1.548817e+07  2.309733e+00  1.548817e+07 -9.697922e+01 
 1.584893e+07  2.107820e+00  1.584893e+07 -9.714096e+01 
 1.621810e+07  1.905820e+00  1.621810e+07 -9.730636e+01 
 1.659587e+07  1.703730e+00  1.659587e+07 -9.747550e+01 
 1.698244e+07  1.501546e+00  1.698244e+07 -9.764847e+01 
 1.737801e+07  1.299264e+00  1.737801e+07 -9.782533e+01 
 1.778279e+07  1.096879e+00  1.778279e+07 -9.800619e+01 
 1.819701e+07  8.943878e-01  1.819701e+07 -9.819111e+01 
 1.862087e+07  6.917850e-01  1.862087e+07 -9.838020e+01 
 1.905461e+07  4.890661e-01  1.905461e+07 -9.857354e+01 
 1.949845e+07  2.862262e-01  1.949845e+07 -9.877122e+01 
 1.995262e+07  8.326015e-02  1.995262e+07 -9.897333e+01 
 2.041738e+07 -1.198372e-01  2.041738e+07 -9.917997e+01 
 2.089296e+07 -3.230715e-01  2.089296e+07 -9.939123e+01 
 2.137962e+07 -5.264483e-01  2.137962e+07 -9.960720e+01 
 2.187762e+07 -7.299737e-01  2.187762e+07 -9.982799e+01 
 2.238721e+07 -9.336536e-01  2.238721e+07 -1.000537e+02 
 2.290868e+07 -1.137495e+00  2.290868e+07 -1.002844e+02 
 2.344229e+07 -1.341503e+00  2.344229e+07 -1.005203e+02 
 2.398833e+07 -1.545686e+00  2.398833e+07 -1.007613e+02 
 2.454709e+07 -1.750050e+00  2.454709e+07 -1.010077e+02 
 2.511886e+07 -1.954603e+00  2.511886e+07 -1.012596e+02 
 2.570396e+07 -2.159353e+00  2.570396e+07 -1.015170e+02 
 2.630268e+07 -2.364306e+00  2.630268e+07 -1.017800e+02 
 2.691535e+07 -2.569472e+00  2.691535e+07 -1.020489e+02 
 2.754229e+07 -2.774859e+00  2.754229e+07 -1.023236e+02 
 2.818383e+07 -2.980475e+00  2.818383e+07 -1.026044e+02 
 2.884032e+07 -3.186329e+00  2.884032e+07 -1.028913e+02 
 2.951209e+07 -3.392432e+00  2.951209e+07 -1.031844e+02 
 3.019952e+07 -3.598791e+00  3.019952e+07 -1.034839e+02 
 3.090295e+07 -3.805418e+00  3.090295e+07 -1.037899e+02 
 3.162278e+07 -4.012323e+00  3.162278e+07 -1.041025e+02 
 3.235937e+07 -4.219516e+00  3.235937e+07 -1.044219e+02 
 3.311311e+07 -4.427008e+00  3.311311e+07 -1.047482e+02 
 3.388442e+07 -4.634811e+00  3.388442e+07 -1.050815e+02 
 3.467369e+07 -4.842937e+00  3.467369e+07 -1.054220e+02 
 3.548134e+07 -5.051397e+00  3.548134e+07 -1.057697e+02 
 3.630781e+07 -5.260205e+00  3.630781e+07 -1.061249e+02 
 3.715352e+07 -5.469373e+00  3.715352e+07 -1.064877e+02 
 3.801894e+07 -5.678915e+00  3.801894e+07 -1.068581e+02 
 3.890451e+07 -5.888844e+00  3.890451e+07 -1.072364e+02 
 3.981072e+07 -6.099177e+00  3.981072e+07 -1.076228e+02 
 4.073803e+07 -6.309926e+00  4.073803e+07 -1.080172e+02 
 4.168694e+07 -6.521108e+00  4.168694e+07 -1.084200e+02 
 4.265795e+07 -6.732739e+00  4.265795e+07 -1.088313e+02 
 4.365158e+07 -6.944836e+00  4.365158e+07 -1.092511e+02 
 4.466836e+07 -7.157415e+00  4.466836e+07 -1.096797e+02 
 4.570882e+07 -7.370494e+00  4.570882e+07 -1.101172e+02 
 4.677351e+07 -7.584092e+00  4.677351e+07 -1.105638e+02 
 4.786301e+07 -7.798229e+00  4.786301e+07 -1.110197e+02 
 4.897788e+07 -8.012923e+00  4.897788e+07 -1.114849e+02 
 5.011872e+07 -8.228195e+00  5.011872e+07 -1.119597e+02 
 5.128614e+07 -8.444067e+00  5.128614e+07 -1.124443e+02 
 5.248075e+07 -8.660560e+00  5.248075e+07 -1.129387e+02 
 5.370318e+07 -8.877698e+00  5.370318e+07 -1.134432e+02 
 5.495409e+07 -9.095504e+00  5.495409e+07 -1.139580e+02 
 5.623413e+07 -9.314003e+00  5.623413e+07 -1.144831e+02 
 5.754399e+07 -9.533219e+00  5.754399e+07 -1.150188e+02 
 5.888437e+07 -9.753180e+00  5.888437e+07 -1.155653e+02 
