 1.00000000e+00  6.29365996e+01  1.00000000e+00 -6.95836154e-05 
 1.02329299e+00  6.29365996e+01  1.02329299e+00 -4.07971309e-03 
 1.04712855e+00  6.29365996e+01  1.04712855e+00 -4.17474182e-03 
 1.07151931e+00  6.29365996e+01  1.07151931e+00 -4.27198404e-03 
 1.09647820e+00  6.29365996e+01  1.09647820e+00 -4.37149134e-03 
 1.12201845e+00  6.29365996e+01  1.12201845e+00 -4.47331645e-03 
 1.14815362e+00  6.29365996e+01  1.14815362e+00 -4.57751337e-03 
 1.17489755e+00  6.29365996e+01  1.17489755e+00 -4.68413736e-03 
 1.20226443e+00  6.29365996e+01  1.20226443e+00 -4.79324493e-03 
 1.23026877e+00  6.29365996e+01  1.23026877e+00 -4.90489395e-03 
 1.25892541e+00  6.29365996e+01  1.25892541e+00 -5.01914360e-03 
 1.28824955e+00  6.29365996e+01  1.28824955e+00 -5.13605448e-03 
 1.31825674e+00  6.29365996e+01  1.31825674e+00 -5.25568855e-03 
 1.34896288e+00  6.29365996e+01  1.34896288e+00 -5.37810927e-03 
 1.38038426e+00  6.29365996e+01  1.38038426e+00 -5.50338152e-03 
 1.41253754e+00  6.29365996e+01  1.41253754e+00 -5.63157175e-03 
 1.44543977e+00  6.29365996e+01  1.44543977e+00 -5.76274790e-03 
 1.47910839e+00  6.29365996e+01  1.47910839e+00 -5.89697954e-03 
 1.51356125e+00  6.29365996e+01  1.51356125e+00 -6.03433784e-03 
 1.54881662e+00  6.29365996e+01  1.54881662e+00 -6.17489563e-03 
 1.58489319e+00  6.29365996e+01  1.58489319e+00 -6.31872742e-03 
 1.62181010e+00  6.29365996e+01  1.62181010e+00 -6.46590949e-03 
 1.65958691e+00  6.29365995e+01  1.65958691e+00 -6.61651987e-03 
 1.69824365e+00  6.29365995e+01  1.69824365e+00 -6.77063841e-03 
 1.73780083e+00  6.29365995e+01  1.73780083e+00 -6.92834684e-03 
 1.77827941e+00  6.29365995e+01  1.77827941e+00 -7.08972877e-03 
 1.81970086e+00  6.29365995e+01  1.81970086e+00 -7.25486976e-03 
 1.86208714e+00  6.29365995e+01  1.86208714e+00 -7.42385738e-03 
 1.90546072e+00  6.29365995e+01  1.90546072e+00 -7.59678124e-03 
 1.94984460e+00  6.29365995e+01  1.94984460e+00 -7.77373300e-03 
 1.99526231e+00  6.29365995e+01  1.99526231e+00 -7.95480650e-03 
 2.04173794e+00  6.29365995e+01  2.04173794e+00 -8.14009774e-03 
 2.08929613e+00  6.29365995e+01  2.08929613e+00 -8.32970498e-03 
 2.13796209e+00  6.29365995e+01  2.13796209e+00 -8.52372873e-03 
 2.18776162e+00  6.29365995e+01  2.18776162e+00 -8.72227187e-03 
 2.23872114e+00  6.29365995e+01  2.23872114e+00 -8.92543968e-03 
 2.29086765e+00  6.29365995e+01  2.29086765e+00 -9.13333987e-03 
 2.34422882e+00  6.29365995e+01  2.34422882e+00 -9.34608268e-03 
 2.39883292e+00  6.29365995e+01  2.39883292e+00 -9.56378091e-03 
 2.45470892e+00  6.29365995e+01  2.45470892e+00 -9.78654998e-03 
 2.51188643e+00  6.29365995e+01  2.51188643e+00 -1.00145080e-02 
 2.57039578e+00  6.29365995e+01  2.57039578e+00 -1.02477759e-02 
 2.63026799e+00  6.29365995e+01  2.63026799e+00 -1.04864772e-02 
 2.69153480e+00  6.29365995e+01  2.69153480e+00 -1.07307387e-02 
 2.75422870e+00  6.29365994e+01  2.75422870e+00 -1.09806897e-02 
 2.81838293e+00  6.29365994e+01  2.81838293e+00 -1.12364628e-02 
 2.88403150e+00  6.29365994e+01  2.88403150e+00 -1.14981936e-02 
 2.95120923e+00  6.29365994e+01  2.95120923e+00 -1.17660209e-02 
 3.01995172e+00  6.29365994e+01  3.01995172e+00 -1.20400868e-02 
 3.09029543e+00  6.29365994e+01  3.09029543e+00 -1.23205364e-02 
 3.16227766e+00  6.29365994e+01  3.16227766e+00 -1.26075185e-02 
 3.23593657e+00  6.29365994e+01  3.23593657e+00 -1.29011854e-02 
 3.31131121e+00  6.29365994e+01  3.31131121e+00 -1.32016926e-02 
 3.38844156e+00  6.29365994e+01  3.38844156e+00 -1.35091995e-02 
 3.46736850e+00  6.29365994e+01  3.46736850e+00 -1.38238691e-02 
 3.54813389e+00  6.29365993e+01  3.54813389e+00 -1.41458684e-02 
 3.63078055e+00  6.29365993e+01  3.63078055e+00 -1.44753680e-02 
 3.71535229e+00  6.29365993e+01  3.71535229e+00 -1.48125426e-02 
 3.80189396e+00  6.29365993e+01  3.80189396e+00 -1.51575710e-02 
 3.89045145e+00  6.29365993e+01  3.89045145e+00 -1.55106362e-02 
 3.98107171e+00  6.29365993e+01  3.98107171e+00 -1.58719253e-02 
 4.07380278e+00  6.29365993e+01  4.07380278e+00 -1.62416299e-02 
 4.16869383e+00  6.29365992e+01  4.16869383e+00 -1.66199461e-02 
 4.26579519e+00  6.29365992e+01  4.26579519e+00 -1.70070743e-02 
 4.36515832e+00  6.29365992e+01  4.36515832e+00 -1.74032200e-02 
 4.46683592e+00  6.29365992e+01  4.46683592e+00 -1.78085930e-02 
 4.57088190e+00  6.29365992e+01  4.57088190e+00 -1.82234084e-02 
 4.67735141e+00  6.29365991e+01  4.67735141e+00 -1.86478861e-02 
 4.78630092e+00  6.29365991e+01  4.78630092e+00 -1.90822511e-02 
 4.89778819e+00  6.29365991e+01  4.89778819e+00 -1.95267338e-02 
 5.01187234e+00  6.29365991e+01  5.01187234e+00 -1.99815698e-02 
 5.12861384e+00  6.29365991e+01  5.12861384e+00 -2.04470003e-02 
 5.24807460e+00  6.29365990e+01  5.24807460e+00 -2.09232721e-02 
 5.37031796e+00  6.29365990e+01  5.37031796e+00 -2.14106377e-02 
 5.49540874e+00  6.29365990e+01  5.49540874e+00 -2.19093555e-02 
 5.62341325e+00  6.29365989e+01  5.62341325e+00 -2.24196899e-02 
 5.75439937e+00  6.29365989e+01  5.75439937e+00 -2.29419115e-02 
 5.88843655e+00  6.29365989e+01  5.88843655e+00 -2.34762972e-02 
 6.02559586e+00  6.29365988e+01  6.02559586e+00 -2.40231303e-02 
 6.16595002e+00  6.29365988e+01  6.16595002e+00 -2.45827008e-02 
 6.30957344e+00  6.29365988e+01  6.30957344e+00 -2.51553054e-02 
 6.45654229e+00  6.29365987e+01  6.45654229e+00 -2.57412477e-02 
 6.60693448e+00  6.29365987e+01  6.60693448e+00 -2.63408383e-02 
 6.76082975e+00  6.29365986e+01  6.76082975e+00 -2.69543951e-02 
 6.91830971e+00  6.29365986e+01  6.91830971e+00 -2.75822436e-02 
 7.07945784e+00  6.29365986e+01  7.07945784e+00 -2.82247165e-02 
 7.24435960e+00  6.29365985e+01  7.24435960e+00 -2.88821544e-02 
 7.41310241e+00  6.29365985e+01  7.41310241e+00 -2.95549061e-02 
 7.58577575e+00  6.29365984e+01  7.58577575e+00 -3.02433282e-02 
 7.76247117e+00  6.29365983e+01  7.76247117e+00 -3.09477857e-02 
 7.94328235e+00  6.29365983e+01  7.94328235e+00 -3.16686521e-02 
 8.12830516e+00  6.29365982e+01  8.12830516e+00 -3.24063096e-02 
 8.31763771e+00  6.29365982e+01  8.31763771e+00 -3.31611493e-02 
 8.51138038e+00  6.29365981e+01  8.51138038e+00 -3.39335715e-02 
 8.70963590e+00  6.29365980e+01  8.70963590e+00 -3.47239858e-02 
 8.91250938e+00  6.29365979e+01  8.91250938e+00 -3.55328111e-02 
 9.12010839e+00  6.29365979e+01  9.12010839e+00 -3.63604764e-02 
 9.33254301e+00  6.29365978e+01  9.33254301e+00 -3.72074204e-02 
 9.54992586e+00  6.29365977e+01  9.54992586e+00 -3.80740923e-02 
 9.77237221e+00  6.29365976e+01  9.77237221e+00 -3.89609516e-02 
 1.00000000e+01  6.29365975e+01  1.00000000e+01 -3.98684685e-02 
 1.02329299e+01  6.29365974e+01  1.02329299e+01 -4.07971241e-02 
 1.04712855e+01  6.29365973e+01  1.04712855e+01 -4.17474108e-02 
 1.07151931e+01  6.29365972e+01  1.07151931e+01 -4.27198326e-02 
 1.09647820e+01  6.29365971e+01  1.09647820e+01 -4.37149050e-02 
 1.12201845e+01  6.29365970e+01  1.12201845e+01 -4.47331555e-02 
 1.14815362e+01  6.29365968e+01  1.14815362e+01 -4.57751241e-02 
 1.17489755e+01  6.29365967e+01  1.17489755e+01 -4.68413632e-02 
 1.20226443e+01  6.29365966e+01  1.20226443e+01 -4.79324383e-02 
 1.23026877e+01  6.29365964e+01  1.23026877e+01 -4.90489276e-02 
 1.25892541e+01  6.29365963e+01  1.25892541e+01 -5.01914233e-02 
 1.28824955e+01  6.29365961e+01  1.28824955e+01 -5.13605312e-02 
 1.31825674e+01  6.29365960e+01  1.31825674e+01 -5.25568710e-02 
 1.34896288e+01  6.29365958e+01  1.34896288e+01 -5.37810770e-02 
 1.38038426e+01  6.29365956e+01  1.38038426e+01 -5.50337985e-02 
 1.41253754e+01  6.29365954e+01  1.41253754e+01 -5.63156995e-02 
 1.44543977e+01  6.29365952e+01  1.44543977e+01 -5.76274598e-02 
 1.47910839e+01  6.29365950e+01  1.47910839e+01 -5.89697748e-02 
 1.51356125e+01  6.29365948e+01  1.51356125e+01 -6.03433563e-02 
 1.54881662e+01  6.29365946e+01  1.54881662e+01 -6.17489326e-02 
 1.58489319e+01  6.29365943e+01  1.58489319e+01 -6.31872488e-02 
 1.62181010e+01  6.29365941e+01  1.62181010e+01 -6.46590677e-02 
 1.65958691e+01  6.29365938e+01  1.65958691e+01 -6.61651696e-02 
 1.69824365e+01  6.29365935e+01  1.69824365e+01 -6.77063529e-02 
 1.73780083e+01  6.29365933e+01  1.73780083e+01 -6.92834350e-02 
 1.77827941e+01  6.29365930e+01  1.77827941e+01 -7.08972518e-02 
 1.81970086e+01  6.29365926e+01  1.81970086e+01 -7.25486592e-02 
 1.86208714e+01  6.29365923e+01  1.86208714e+01 -7.42385327e-02 
 1.90546072e+01  6.29365920e+01  1.90546072e+01 -7.59677683e-02 
 1.94984460e+01  6.29365916e+01  1.94984460e+01 -7.77372828e-02 
 1.99526231e+01  6.29365912e+01  1.99526231e+01 -7.95480144e-02 
 2.04173794e+01  6.29365908e+01  2.04173794e+01 -8.14009232e-02 
 2.08929613e+01  6.29365904e+01  2.08929613e+01 -8.32969917e-02 
 2.13796209e+01  6.29365900e+01  2.13796209e+01 -8.52372250e-02 
 2.18776162e+01  6.29365895e+01  2.18776162e+01 -8.72226520e-02 
 2.23872114e+01  6.29365891e+01  2.23872114e+01 -8.92543253e-02 
 2.29086765e+01  6.29365886e+01  2.29086765e+01 -9.13333222e-02 
 2.34422882e+01  6.29365881e+01  2.34422882e+01 -9.34607448e-02 
 2.39883292e+01  6.29365875e+01  2.39883292e+01 -9.56377212e-02 
 2.45470892e+01  6.29365869e+01  2.45470892e+01 -9.78654056e-02 
 2.51188643e+01  6.29365863e+01  2.51188643e+01 -1.00144979e-01 
 2.57039578e+01  6.29365857e+01  2.57039578e+01 -1.02477650e-01 
 2.63026799e+01  6.29365851e+01  2.63026799e+01 -1.04864656e-01 
 2.69153480e+01  6.29365844e+01  2.69153480e+01 -1.07307262e-01 
 2.75422870e+01  6.29365837e+01  2.75422870e+01 -1.09806764e-01 
 2.81838293e+01  6.29365829e+01  2.81838293e+01 -1.12364485e-01 
 2.88403150e+01  6.29365821e+01  2.88403150e+01 -1.14981783e-01 
 2.95120923e+01  6.29365813e+01  2.95120923e+01 -1.17660046e-01 
 3.01995172e+01  6.29365804e+01  3.01995172e+01 -1.20400692e-01 
 3.09029543e+01  6.29365795e+01  3.09029543e+01 -1.23205176e-01 
 3.16227766e+01  6.29365786e+01  3.16227766e+01 -1.26074984e-01 
 3.23593657e+01  6.29365776e+01  3.23593657e+01 -1.29011638e-01 
 3.31131121e+01  6.29365766e+01  3.31131121e+01 -1.32016694e-01 
 3.38844156e+01  6.29365755e+01  3.38844156e+01 -1.35091747e-01 
 3.46736850e+01  6.29365743e+01  3.46736850e+01 -1.38238426e-01 
 3.54813389e+01  6.29365731e+01  3.54813389e+01 -1.41458400e-01 
 3.63078055e+01  6.29365719e+01  3.63078055e+01 -1.44753375e-01 
 3.71535229e+01  6.29365706e+01  3.71535229e+01 -1.48125100e-01 
 3.80189396e+01  6.29365692e+01  3.80189396e+01 -1.51575360e-01 
 3.89045145e+01  6.29365678e+01  3.89045145e+01 -1.55105987e-01 
 3.98107171e+01  6.29365663e+01  3.98107171e+01 -1.58718851e-01 
 4.07380278e+01  6.29365647e+01  4.07380278e+01 -1.62415869e-01 
 4.16869383e+01  6.29365631e+01  4.16869383e+01 -1.66198999e-01 
 4.26579519e+01  6.29365613e+01  4.26579519e+01 -1.70070249e-01 
 4.36515832e+01  6.29365595e+01  4.36515832e+01 -1.74031670e-01 
 4.46683592e+01  6.29365577e+01  4.46683592e+01 -1.78085362e-01 
 4.57088190e+01  6.29365557e+01  4.57088190e+01 -1.82233476e-01 
 4.67735141e+01  6.29365536e+01  4.67735141e+01 -1.86478209e-01 
 4.78630092e+01  6.29365514e+01  4.78630092e+01 -1.90821813e-01 
 4.89778819e+01  6.29365492e+01  4.89778819e+01 -1.95266590e-01 
 5.01187234e+01  6.29365468e+01  5.01187234e+01 -1.99814897e-01 
 5.12861384e+01  6.29365443e+01  5.12861384e+01 -2.04469144e-01 
 5.24807460e+01  6.29365417e+01  5.24807460e+01 -2.09231801e-01 
 5.37031796e+01  6.29365390e+01  5.37031796e+01 -2.14105391e-01 
 5.49540874e+01  6.29365361e+01  5.49540874e+01 -2.19092498e-01 
 5.62341325e+01  6.29365331e+01  5.62341325e+01 -2.24195766e-01 
 5.75439937e+01  6.29365300e+01  5.75439937e+01 -2.29417901e-01 
 5.88843655e+01  6.29365267e+01  5.88843655e+01 -2.34761671e-01 
 6.02559586e+01  6.29365233e+01  6.02559586e+01 -2.40229910e-01 
 6.16595002e+01  6.29365197e+01  6.16595002e+01 -2.45825515e-01 
 6.30957344e+01  6.29365159e+01  6.30957344e+01 -2.51551455e-01 
 6.45654229e+01  6.29365120e+01  6.45654229e+01 -2.57410763e-01 
 6.60693448e+01  6.29365078e+01  6.60693448e+01 -2.63406546e-01 
 6.76082975e+01  6.29365035e+01  6.76082975e+01 -2.69541983e-01 
 6.91830971e+01  6.29364990e+01  6.91830971e+01 -2.75820327e-01 
 7.07945784e+01  6.29364942e+01  7.07945784e+01 -2.82244905e-01 
 7.24435960e+01  6.29364893e+01  7.24435960e+01 -2.88819123e-01 
 7.41310241e+01  6.29364841e+01  7.41310241e+01 -2.95546467e-01 
 7.58577575e+01  6.29364786e+01  7.58577575e+01 -3.02430502e-01 
 7.76247117e+01  6.29364729e+01  7.76247117e+01 -3.09474878e-01 
 7.94328235e+01  6.29364669e+01  7.94328235e+01 -3.16683329e-01 
 8.12830516e+01  6.29364607e+01  8.12830516e+01 -3.24059675e-01 
 8.31763771e+01  6.29364541e+01  8.31763771e+01 -3.31607828e-01 
 8.51138038e+01  6.29364473e+01  8.51138038e+01 -3.39331788e-01 
 8.70963590e+01  6.29364401e+01  8.70963590e+01 -3.47235650e-01 
 8.91250938e+01  6.29364326e+01  8.91250938e+01 -3.55323602e-01 
 9.12010839e+01  6.29364247e+01  9.12010839e+01 -3.63599932e-01 
 9.33254301e+01  6.29364165e+01  9.33254301e+01 -3.72069027e-01 
 9.54992586e+01  6.29364079e+01  9.54992586e+01 -3.80735376e-01 
 9.77237221e+01  6.29363988e+01  9.77237221e+01 -3.89603572e-01 
 1.00000000e+02  6.29363894e+01  1.00000000e+02 -3.98678316e-01 
 1.02329299e+02  6.29363794e+01  1.02329299e+02 -4.07964416e-01 
 1.04712855e+02  6.29363691e+01  1.04712855e+02 -4.17466796e-01 
 1.07151931e+02  6.29363582e+01  1.07151931e+02 -4.27190491e-01 
 1.09647820e+02  6.29363468e+01  1.09647820e+02 -4.37140654e-01 
 1.12201845e+02  6.29363349e+01  1.12201845e+02 -4.47322559e-01 
 1.14815362e+02  6.29363224e+01  1.14815362e+02 -4.57741601e-01 
 1.17489755e+02  6.29363094e+01  1.17489755e+02 -4.68403303e-01 
 1.20226443e+02  6.29362957e+01  1.20226443e+02 -4.79313315e-01 
 1.23026877e+02  6.29362814e+01  1.23026877e+02 -4.90477417e-01 
 1.25892541e+02  6.29362664e+01  1.25892541e+02 -5.01901526e-01 
 1.28824955e+02  6.29362507e+01  1.28824955e+02 -5.13591695e-01 
 1.31825674e+02  6.29362342e+01  1.31825674e+02 -5.25554120e-01 
 1.34896288e+02  6.29362170e+01  1.34896288e+02 -5.37795137e-01 
 1.38038426e+02  6.29361990e+01  1.38038426e+02 -5.50321233e-01 
 1.41253754e+02  6.29361801e+01  1.41253754e+02 -5.63139046e-01 
 1.44543977e+02  6.29361603e+01  1.44543977e+02 -5.76255365e-01 
 1.47910839e+02  6.29361396e+01  1.47910839e+02 -5.89677140e-01 
 1.51356125e+02  6.29361180e+01  1.51356125e+02 -6.03411481e-01 
 1.54881662e+02  6.29360953e+01  1.54881662e+02 -6.17465664e-01 
 1.58489319e+02  6.29360715e+01  1.58489319e+02 -6.31847135e-01 
 1.62181010e+02  6.29360466e+01  1.62181010e+02 -6.46563510e-01 
 1.65958691e+02  6.29360206e+01  1.65958691e+02 -6.61622586e-01 
 1.69824365e+02  6.29359933e+01  1.69824365e+02 -6.77032337e-01 
 1.73780083e+02  6.29359647e+01  1.73780083e+02 -6.92800927e-01 
 1.77827941e+02  6.29359348e+01  1.77827941e+02 -7.08936706e-01 
 1.81970086e+02  6.29359034e+01  1.81970086e+02 -7.25448219e-01 
 1.86208714e+02  6.29358706e+01  1.86208714e+02 -7.42344209e-01 
 1.90546072e+02  6.29358363e+01  1.90546072e+02 -7.59633624e-01 
 1.94984460e+02  6.29358003e+01  1.94984460e+02 -7.77325618e-01 
 1.99526231e+02  6.29357626e+01  1.99526231e+02 -7.95429559e-01 
 2.04173794e+02  6.29357232e+01  2.04173794e+02 -8.13955029e-01 
 2.08929613e+02  6.29356819e+01  2.08929613e+02 -8.32911837e-01 
 2.13796209e+02  6.29356387e+01  2.13796209e+02 -8.52310017e-01 
 2.18776162e+02  6.29355934e+01  2.18776162e+02 -8.72159837e-01 
 2.23872114e+02  6.29355460e+01  2.23872114e+02 -8.92471801e-01 
 2.29086765e+02  6.29354963e+01  2.29086765e+02 -9.13256660e-01 
 2.34422882e+02  6.29354443e+01  2.34422882e+02 -9.34525411e-01 
 2.39883292e+02  6.29353899e+01  2.39883292e+02 -9.56289309e-01 
 2.45470892e+02  6.29353329e+01  2.45470892e+02 -9.78559867e-01 
 2.51188643e+02  6.29352732e+01  2.51188643e+02 -1.00134887e+00 
 2.57039578e+02  6.29352107e+01  2.57039578e+02 -1.02466836e+00 
 2.63026799e+02  6.29351452e+01  2.63026799e+02 -1.04853069e+00 
 2.69153480e+02  6.29350767e+01  2.69153480e+02 -1.07294846e+00 
 2.75422870e+02  6.29350050e+01  2.75422870e+02 -1.09793460e+00 
 2.81838293e+02  6.29349298e+01  2.81838293e+02 -1.12350230e+00 
 2.88403150e+02  6.29348511e+01  2.88403150e+02 -1.14966509e+00 
 2.95120923e+02  6.29347688e+01  2.95120923e+02 -1.17643679e+00 
 3.01995172e+02  6.29346825e+01  3.01995172e+02 -1.20383155e+00 
 3.09029543e+02  6.29345922e+01  3.09029543e+02 -1.23186385e+00 
 3.16227766e+02  6.29344976e+01  3.16227766e+02 -1.26054849e+00 
 3.23593657e+02  6.29343985e+01  3.23593657e+02 -1.28990063e+00 
 3.31131121e+02  6.29342948e+01  3.31131121e+02 -1.31993577e+00 
 3.38844156e+02  6.29341862e+01  3.38844156e+02 -1.35066977e+00 
 3.46736850e+02  6.29340725e+01  3.46736850e+02 -1.38211885e+00 
 3.54813389e+02  6.29339535e+01  3.54813389e+02 -1.41429960e+00 
 3.63078055e+02  6.29338288e+01  3.63078055e+02 -1.44722903e+00 
 3.71535229e+02  6.29336983e+01  3.71535229e+02 -1.48092448e+00 
 3.80189396e+02  6.29335616e+01  3.80189396e+02 -1.51540375e+00 
 3.89045145e+02  6.29334184e+01  3.89045145e+02 -1.55068500e+00 
 3.98107171e+02  6.29332686e+01  3.98107171e+02 -1.58678684e+00 
 4.07380278e+02  6.29331117e+01  4.07380278e+02 -1.62372829e+00 
 4.16869383e+02  6.29329473e+01  4.16869383e+02 -1.66152883e+00 
 4.26579519e+02  6.29327753e+01  4.26579519e+02 -1.70020835e+00 
 4.36515832e+02  6.29325951e+01  4.36515832e+02 -1.73978724e+00 
 4.46683592e+02  6.29324065e+01  4.46683592e+02 -1.78028631e+00 
 4.57088190e+02  6.29322090e+01  4.57088190e+02 -1.82172689e+00 
 4.67735141e+02  6.29320022e+01  4.67735141e+02 -1.86413076e+00 
 4.78630092e+02  6.29317856e+01  4.78630092e+02 -1.90752024e+00 
 4.89778819e+02  6.29315589e+01  4.89778819e+02 -1.95191812e+00 
 5.01187234e+02  6.29313215e+01  5.01187234e+02 -1.99734773e+00 
 5.12861384e+02  6.29310729e+01  5.12861384e+02 -2.04383294e+00 
 5.24807460e+02  6.29308126e+01  5.24807460e+02 -2.09139814e+00 
 5.37031796e+02  6.29305400e+01  5.37031796e+02 -2.14006828e+00 
 5.49540874e+02  6.29302547e+01  5.49540874e+02 -2.18986891e+00 
 5.62341325e+02  6.29299559e+01  5.62341325e+02 -2.24082611e+00 
 5.75439937e+02  6.29296430e+01  5.75439937e+02 -2.29296658e+00 
 5.88843655e+02  6.29293154e+01  5.88843655e+02 -2.34631763e+00 
 6.02559586e+02  6.29289724e+01  6.02559586e+02 -2.40090718e+00 
 6.16595002e+02  6.29286133e+01  6.16595002e+02 -2.45676376e+00 
 6.30957344e+02  6.29282373e+01  6.30957344e+02 -2.51391657e+00 
 6.45654229e+02  6.29278436e+01  6.45654229e+02 -2.57239546e+00 
 6.60693448e+02  6.29274314e+01  6.60693448e+02 -2.63223094e+00 
 6.76082975e+02  6.29269997e+01  6.76082975e+02 -2.69345423e+00 
 6.91830971e+02  6.29265478e+01  6.91830971e+02 -2.75609722e+00 
 7.07945784e+02  6.29260747e+01  7.07945784e+02 -2.82019253e+00 
 7.24435960e+02  6.29255793e+01  7.24435960e+02 -2.88577349e+00 
 7.41310241e+02  6.29250606e+01  7.41310241e+02 -2.95287420e+00 
 7.58577575e+02  6.29245176e+01  7.58577575e+02 -3.02152949e+00 
 7.76247117e+02  6.29239490e+01  7.76247117e+02 -3.09177499e+00 
 7.94328235e+02  6.29233537e+01  7.94328235e+02 -3.16364708e+00 
 8.12830516e+02  6.29227304e+01  8.12830516e+02 -3.23718296e+00 
 8.31763771e+02  6.29220779e+01  8.31763771e+02 -3.31242068e+00 
 8.51138038e+02  6.29213947e+01  8.51138038e+02 -3.38939906e+00 
 8.70963590e+02  6.29206794e+01  8.70963590e+02 -3.46815782e+00 
 8.91250938e+02  6.29199305e+01  8.91250938e+02 -3.54873753e+00 
 9.12010839e+02  6.29191465e+01  9.12010839e+02 -3.63117963e+00 
 9.33254301e+02  6.29183257e+01  9.33254301e+02 -3.71552647e+00 
 9.54992586e+02  6.29174664e+01  9.54992586e+02 -3.80182131e+00 
 9.77237221e+02  6.29165668e+01  9.77237221e+02 -3.89010834e+00 
 1.00000000e+03  6.29156249e+01  1.00000000e+03 -3.98043269e+00 
 1.02329299e+03  6.29146389e+01  1.02329299e+03 -4.07284045e+00 
 1.04712855e+03  6.29136067e+01  1.04712855e+03 -4.16737870e+00 
 1.07151931e+03  6.29125260e+01  1.07151931e+03 -4.26409550e+00 
 1.09647820e+03  6.29113948e+01  1.09647820e+03 -4.36303993e+00 
 1.12201845e+03  6.29102105e+01  1.12201845e+03 -4.46426209e+00 
 1.14815362e+03  6.29089708e+01  1.14815362e+03 -4.56781312e+00 
 1.17489755e+03  6.29076730e+01  1.17489755e+03 -4.67374521e+00 
 1.20226443e+03  6.29063145e+01  1.20226443e+03 -4.78211164e+00 
 1.23026877e+03  6.29048924e+01  1.23026877e+03 -4.89296676e+00 
 1.25892541e+03  6.29034037e+01  1.25892541e+03 -5.00636602e+00 
 1.28824955e+03  6.29018455e+01  1.28824955e+03 -5.12236600e+00 
 1.31825674e+03  6.29002144e+01  1.31825674e+03 -5.24102440e+00 
 1.34896288e+03  6.28985072e+01  1.34896288e+03 -5.36240005e+00 
 1.38038426e+03  6.28967201e+01  1.38038426e+03 -5.48655296e+00 
 1.41253754e+03  6.28948497e+01  1.41253754e+03 -5.61354428e+00 
 1.44543977e+03  6.28928919e+01  1.44543977e+03 -5.74343636e+00 
 1.47910839e+03  6.28908429e+01  1.47910839e+03 -5.87629272e+00 
 1.51356125e+03  6.28886983e+01  1.51356125e+03 -6.01217809e+00 
 1.54881662e+03  6.28864537e+01  1.54881662e+03 -6.15115839e+00 
 1.58489319e+03  6.28841047e+01  1.58489319e+03 -6.29330079e+00 
 1.62181010e+03  6.28816462e+01  1.62181010e+03 -6.43867363e+00 
 1.65958691e+03  6.28790734e+01  1.65958691e+03 -6.58734652e+00 
 1.69824365e+03  6.28763810e+01  1.69824365e+03 -6.73939026e+00 
 1.73780083e+03  6.28735635e+01  1.73780083e+03 -6.89487690e+00 
 1.77827941e+03  6.28706152e+01  1.77827941e+03 -7.05387972e+00 
 1.81970086e+03  6.28675300e+01  1.81970086e+03 -7.21647323e+00 
 1.86208714e+03  6.28643018e+01  1.86208714e+03 -7.38273316e+00 
 1.90546072e+03  6.28609241e+01  1.90546072e+03 -7.55273645e+00 
 1.94984460e+03  6.28573899e+01  1.94984460e+03 -7.72656127e+00 
 1.99526231e+03  6.28536923e+01  1.99526231e+03 -7.90428698e+00 
 2.04173794e+03  6.28498238e+01  2.04173794e+03 -8.08599413e+00 
 2.08929613e+03  6.28457766e+01  2.08929613e+03 -8.27176442e+00 
 2.13796209e+03  6.28415428e+01  2.13796209e+03 -8.46168074e+00 
 2.18776162e+03  6.28371138e+01  2.18776162e+03 -8.65582709e+00 
 2.23872114e+03  6.28324810e+01  2.23872114e+03 -8.85428855e+00 
 2.29086765e+03  6.28276351e+01  2.29086765e+03 -9.05715130e+00 
 2.34422882e+03  6.28225666e+01  2.34422882e+03 -9.26450256e+00 
 2.39883292e+03  6.28172655e+01  2.39883292e+03 -9.47643052e+00 
 2.45470892e+03  6.28117216e+01  2.45470892e+03 -9.69302436e+00 
 2.51188643e+03  6.28059239e+01  2.51188643e+03 -9.91437414e+00 
 2.57039578e+03  6.27998614e+01  2.57039578e+03 -1.01405708e+01 
 2.63026799e+03  6.27935221e+01  2.63026799e+03 -1.03717060e+01 
 2.69153480e+03  6.27868940e+01  2.69153480e+03 -1.06078723e+01 
 2.75422870e+03  6.27799643e+01  2.75422870e+03 -1.08491628e+01 
 2.81838293e+03  6.27727199e+01  2.81838293e+03 -1.10956710e+01 
 2.88403150e+03  6.27651470e+01  2.88403150e+03 -1.13474913e+01 
 2.95120923e+03  6.27572313e+01  2.95120923e+03 -1.16047183e+01 
 3.01995172e+03  6.27489581e+01  3.01995172e+03 -1.18674467e+01 
 3.09029543e+03  6.27403117e+01  3.09029543e+03 -1.21357717e+01 
 3.16227766e+03  6.27312763e+01  3.16227766e+03 -1.24097886e+01 
 3.23593657e+03  6.27218352e+01  3.23593657e+03 -1.26895924e+01 
 3.31131121e+03  6.27119710e+01  3.31131121e+03 -1.29752780e+01 
 3.38844156e+03  6.27016660e+01  3.38844156e+03 -1.32669402e+01 
 3.46736850e+03  6.26909014e+01  3.46736850e+03 -1.35646731e+01 
 3.54813389e+03  6.26796580e+01  3.54813389e+03 -1.38685702e+01 
 3.63078055e+03  6.26679158e+01  3.63078055e+03 -1.41787242e+01 
 3.71535229e+03  6.26556542e+01  3.71535229e+03 -1.44952269e+01 
 3.80189396e+03  6.26428518e+01  3.80189396e+03 -1.48181688e+01 
 3.89045145e+03  6.26294862e+01  3.89045145e+03 -1.51476390e+01 
 3.98107171e+03  6.26155348e+01  3.98107171e+03 -1.54837250e+01 
 4.07380278e+03  6.26009737e+01  4.07380278e+03 -1.58265126e+01 
 4.16869383e+03  6.25857785e+01  4.16869383e+03 -1.61760852e+01 
 4.26579519e+03  6.25699239e+01  4.26579519e+03 -1.65325242e+01 
 4.36515832e+03  6.25533840e+01  4.36515832e+03 -1.68959081e+01 
 4.46683592e+03  6.25361318e+01  4.46683592e+03 -1.72663126e+01 
 4.57088190e+03  6.25181397e+01  4.57088190e+03 -1.76438103e+01 
 4.67735141e+03  6.24993792e+01  4.67735141e+03 -1.80284702e+01 
 4.78630092e+03  6.24798210e+01  4.78630092e+03 -1.84203575e+01 
 4.89778819e+03  6.24594350e+01  4.89778819e+03 -1.88195334e+01 
 5.01187234e+03  6.24381903e+01  5.01187234e+03 -1.92260545e+01 
 5.12861384e+03  6.24160553e+01  5.12861384e+03 -1.96399725e+01 
 5.24807460e+03  6.23929973e+01  5.24807460e+03 -2.00613341e+01 
 5.37031796e+03  6.23689832e+01  5.37031796e+03 -2.04901804e+01 
 5.49540874e+03  6.23439787e+01  5.49540874e+03 -2.09265465e+01 
 5.62341325e+03  6.23179493e+01  5.62341325e+03 -2.13704614e+01 
 5.75439937e+03  6.22908593e+01  5.75439937e+03 -2.18219472e+01 
 5.88843655e+03  6.22626726e+01  5.88843655e+03 -2.22810189e+01 
 6.02559586e+03  6.22333522e+01  6.02559586e+03 -2.27476843e+01 
 6.16595002e+03  6.22028607e+01  6.16595002e+03 -2.32219430e+01 
 6.30957344e+03  6.21711600e+01  6.30957344e+03 -2.37037867e+01 
 6.45654229e+03  6.21382115e+01  6.45654229e+03 -2.41931981e+01 
 6.60693448e+03  6.21039759e+01  6.60693448e+03 -2.46901510e+01 
 6.76082975e+03  6.20684138e+01  6.76082975e+03 -2.51946100e+01 
 6.91830971e+03  6.20314852e+01  6.91830971e+03 -2.57065295e+01 
 7.07945784e+03  6.19931499e+01  7.07945784e+03 -2.62258542e+01 
 7.24435960e+03  6.19533673e+01  7.24435960e+03 -2.67525181e+01 
 7.41310241e+03  6.19120967e+01  7.41310241e+03 -2.72864445e+01 
 7.58577575e+03  6.18692974e+01  7.58577575e+03 -2.78275456e+01 
 7.76247117e+03  6.18249285e+01  7.76247117e+03 -2.83757221e+01 
 7.94328235e+03  6.17789494e+01  7.94328235e+03 -2.89308635e+01 
 8.12830516e+03  6.17313194e+01  8.12830516e+03 -2.94928472e+01 
 8.31763771e+03  6.16819983e+01  8.31763771e+03 -3.00615387e+01 
 8.51138038e+03  6.16309462e+01  8.51138038e+03 -3.06367913e+01 
 8.70963590e+03  6.15781236e+01  8.70963590e+03 -3.12184463e+01 
 8.91250938e+03  6.15234917e+01  8.91250938e+03 -3.18063327e+01 
 9.12010839e+03  6.14670121e+01  9.12010839e+03 -3.24002670e+01 
 9.33254301e+03  6.14086476e+01  9.33254301e+03 -3.30000538e+01 
 9.54992586e+03  6.13483617e+01  9.54992586e+03 -3.36054853e+01 
 9.77237221e+03  6.12861189e+01  9.77237221e+03 -3.42163419e+01 
 1.00000000e+04  6.12218849e+01  1.00000000e+04 -3.48323921e+01 
 1.02329299e+04  6.11556266e+01  1.02329299e+04 -3.54533931e+01 
 1.04712855e+04  6.10873123e+01  1.04712855e+04 -3.60790905e+01 
 1.07151931e+04  6.10169118e+01  1.07151931e+04 -3.67092194e+01 
 1.09647820e+04  6.09443966e+01  1.09647820e+04 -3.73435044e+01 
 1.12201845e+04  6.08697396e+01  1.12201845e+04 -3.79816601e+01 
 1.14815362e+04  6.07929158e+01  1.14815362e+04 -3.86233917e+01 
 1.17489755e+04  6.07139018e+01  1.17489755e+04 -3.92683958e+01 
 1.20226443e+04  6.06326764e+01  1.20226443e+04 -3.99163605e+01 
 1.23026877e+04  6.05492205e+01  1.23026877e+04 -4.05669668e+01 
 1.25892541e+04  6.04635170e+01  1.25892541e+04 -4.12198887e+01 
 1.28824955e+04  6.03755510e+01  1.28824955e+04 -4.18747945e+01 
 1.31825674e+04  6.02853099e+01  1.31825674e+04 -4.25313469e+01 
 1.34896288e+04  6.01927836e+01  1.34896288e+04 -4.31892049e+01 
 1.38038426e+04  6.00979640e+01  1.38038426e+04 -4.38480237e+01 
 1.41253754e+04  6.00008459e+01  1.41253754e+04 -4.45074561e+01 
 1.44543977e+04  5.99014260e+01  1.44543977e+04 -4.51671531e+01 
 1.47910839e+04  5.97997039e+01  1.47910839e+04 -4.58267653e+01 
 1.51356125e+04  5.96956813e+01  1.51356125e+04 -4.64859434e+01 
 1.54881662e+04  5.95893624e+01  1.54881662e+04 -4.71443391e+01 
 1.58489319e+04  5.94807540e+01  1.58489319e+04 -4.78016064e+01 
 1.62181010e+04  5.93698651e+01  1.62181010e+04 -4.84574022e+01 
 1.65958691e+04  5.92567071e+01  1.65958691e+04 -4.91113872e+01 
 1.69824365e+04  5.91412937e+01  1.69824365e+04 -4.97632269e+01 
 1.73780083e+04  5.90236408e+01  1.73780083e+04 -5.04125923e+01 
 1.77827941e+04  5.89037667e+01  1.77827941e+04 -5.10591607e+01 
 1.81970086e+04  5.87816914e+01  1.81970086e+04 -5.17026167e+01 
 1.86208714e+04  5.86574374e+01  1.86208714e+04 -5.23426524e+01 
 1.90546072e+04  5.85310287e+01  1.90546072e+04 -5.29789687e+01 
 1.94984460e+04  5.84024914e+01  1.94984460e+04 -5.36112755e+01 
 1.99526231e+04  5.82718533e+01  1.99526231e+04 -5.42392922e+01 
 2.04173794e+04  5.81391438e+01  2.04173794e+04 -5.48627485e+01 
 2.08929613e+04  5.80043939e+01  2.08929613e+04 -5.54813849e+01 
 2.13796209e+04  5.78676360e+01  2.13796209e+04 -5.60949526e+01 
 2.18776162e+04  5.77289037e+01  2.18776162e+04 -5.67032144e+01 
 2.23872114e+04  5.75882320e+01  2.23872114e+04 -5.73059448e+01 
 2.29086765e+04  5.74456568e+01  2.29086765e+04 -5.79029300e+01 
 2.34422882e+04  5.73012151e+01  2.34422882e+04 -5.84939684e+01 
 2.39883292e+04  5.71549448e+01  2.39883292e+04 -5.90788705e+01 
 2.45470892e+04  5.70068842e+01  2.45470892e+04 -5.96574592e+01 
 2.51188643e+04  5.68570726e+01  2.51188643e+04 -6.02295694e+01 
 2.57039578e+04  5.67055498e+01  2.57039578e+04 -6.07950486e+01 
 2.63026799e+04  5.65523558e+01  2.63026799e+04 -6.13537562e+01 
 2.69153480e+04  5.63975311e+01  2.69153480e+04 -6.19055636e+01 
 2.75422870e+04  5.62411163e+01  2.75422870e+04 -6.24503543e+01 
 2.81838293e+04  5.60831522e+01  2.81838293e+04 -6.29880235e+01 
 2.88403150e+04  5.59236795e+01  2.88403150e+04 -6.35184776e+01 
 2.95120923e+04  5.57627391e+01  2.95120923e+04 -6.40416345e+01 
 3.01995172e+04  5.56003716e+01  3.01995172e+04 -6.45574230e+01 
 3.09029543e+04  5.54366173e+01  3.09029543e+04 -6.50657823e+01 
 3.16227766e+04  5.52715164e+01  3.16227766e+04 -6.55666621e+01 
 3.23593657e+04  5.51051086e+01  3.23593657e+04 -6.60600220e+01 
 3.31131121e+04  5.49374333e+01  3.31131121e+04 -6.65458313e+01 
 3.38844156e+04  5.47685294e+01  3.38844156e+04 -6.70240683e+01 
 3.46736850e+04  5.45984352e+01  3.46736850e+04 -6.74947204e+01 
 3.54813389e+04  5.44271885e+01  3.54813389e+04 -6.79577832e+01 
 3.63078055e+04  5.42548267e+01  3.63078055e+04 -6.84132606e+01 
 3.71535229e+04  5.40813861e+01  3.71535229e+04 -6.88611641e+01 
 3.80189396e+04  5.39069026e+01  3.80189396e+04 -6.93015124e+01 
 3.89045145e+04  5.37314115e+01  3.89045145e+04 -6.97343311e+01 
 3.98107171e+04  5.35549471e+01  3.98107171e+04 -7.01596524e+01 
 4.07380278e+04  5.33775432e+01  4.07380278e+04 -7.05775145e+01 
 4.16869383e+04  5.31992325e+01  4.16869383e+04 -7.09879614e+01 
 4.26579519e+04  5.30200473e+01  4.26579519e+04 -7.13910425e+01 
 4.36515832e+04  5.28400188e+01  4.36515832e+04 -7.17868122e+01 
 4.46683592e+04  5.26591776e+01  4.46683592e+04 -7.21753293e+01 
 4.57088190e+04  5.24775533e+01  4.57088190e+04 -7.25566573e+01 
 4.67735141e+04  5.22951749e+01  4.67735141e+04 -7.29308634e+01 
 4.78630092e+04  5.21120704e+01  4.78630092e+04 -7.32980185e+01 
 4.89778819e+04  5.19282670e+01  4.89778819e+04 -7.36581970e+01 
 5.01187234e+04  5.17437913e+01  5.01187234e+04 -7.40114761e+01 
 5.12861384e+04  5.15586688e+01  5.12861384e+04 -7.43579359e+01 
 5.24807460e+04  5.13729245e+01  5.24807460e+04 -7.46976590e+01 
 5.37031796e+04  5.11865824e+01  5.37031796e+04 -7.50307302e+01 
 5.49540874e+04  5.09996658e+01  5.49540874e+04 -7.53572362e+01 
 5.62341325e+04  5.08121972e+01  5.62341325e+04 -7.56772656e+01 
 5.75439937e+04  5.06241985e+01  5.75439937e+04 -7.59909083e+01 
 5.88843655e+04  5.04356907e+01  5.88843655e+04 -7.62982557e+01 
 6.02559586e+04  5.02466941e+01  6.02559586e+04 -7.65994001e+01 
 6.16595002e+04  5.00572283e+01  6.16595002e+04 -7.68944348e+01 
 6.30957344e+04  4.98673124e+01  6.30957344e+04 -7.71834540e+01 
 6.45654229e+04  4.96769645e+01  6.45654229e+04 -7.74665522e+01 
 6.60693448e+04  4.94862022e+01  6.60693448e+04 -7.77438244e+01 
 6.76082975e+04  4.92950426e+01  6.76082975e+04 -7.80153658e+01 
 6.91830971e+04  4.91035019e+01  6.91830971e+04 -7.82812719e+01 
 7.07945784e+04  4.89115959e+01  7.07945784e+04 -7.85416379e+01 
 7.24435960e+04  4.87193397e+01  7.24435960e+04 -7.87965591e+01 
 7.41310241e+04  4.85267479e+01  7.41310241e+04 -7.90461304e+01 
 7.58577575e+04  4.83338345e+01  7.58577575e+04 -7.92904464e+01 
 7.76247117e+04  4.81406129e+01  7.76247117e+04 -7.95296014e+01 
 7.94328235e+04  4.79470962e+01  7.94328235e+04 -7.97636890e+01 
 8.12830516e+04  4.77532967e+01  8.12830516e+04 -7.99928021e+01 
 8.31763771e+04  4.75592264e+01  8.31763771e+04 -8.02170331e+01 
 8.51138038e+04  4.73648968e+01  8.51138038e+04 -8.04364736e+01 
 8.70963590e+04  4.71703189e+01  8.70963590e+04 -8.06512143e+01 
 8.91250938e+04  4.69755033e+01  8.91250938e+04 -8.08613451e+01 
 9.12010839e+04  4.67804601e+01  9.12010839e+04 -8.10669550e+01 
 9.33254301e+04  4.65851991e+01  9.33254301e+04 -8.12681319e+01 
 9.54992586e+04  4.63897297e+01  9.54992586e+04 -8.14649628e+01 
 9.77237221e+04  4.61940608e+01  9.77237221e+04 -8.16575337e+01 
 1.00000000e+05  4.59982009e+01  1.00000000e+05 -8.18459293e+01 
 1.02329299e+05  4.58021585e+01  1.02329299e+05 -8.20302334e+01 
 1.04712855e+05  4.56059412e+01  1.04712855e+05 -8.22105286e+01 
 1.07151931e+05  4.54095568e+01  1.07151931e+05 -8.23868964e+01 
 1.09647820e+05  4.52130125e+01  1.09647820e+05 -8.25594169e+01 
 1.12201845e+05  4.50163152e+01  1.12201845e+05 -8.27281694e+01 
 1.14815362e+05  4.48194716e+01  1.14815362e+05 -8.28932316e+01 
 1.17489755e+05  4.46224881e+01  1.17489755e+05 -8.30546804e+01 
 1.20226443e+05  4.44253708e+01  1.20226443e+05 -8.32125910e+01 
 1.23026877e+05  4.42281255e+01  1.23026877e+05 -8.33670378e+01 
 1.25892541e+05  4.40307579e+01  1.25892541e+05 -8.35180938e+01 
 1.28824955e+05  4.38332733e+01  1.28824955e+05 -8.36658309e+01 
 1.31825674e+05  4.36356768e+01  1.31825674e+05 -8.38103195e+01 
 1.34896288e+05  4.34379734e+01  1.34896288e+05 -8.39516291e+01 
 1.38038426e+05  4.32401677e+01  1.38038426e+05 -8.40898277e+01 
 1.41253754e+05  4.30422643e+01  1.41253754e+05 -8.42249825e+01 
 1.44543977e+05  4.28442675e+01  1.44543977e+05 -8.43571591e+01 
 1.47910839e+05  4.26461814e+01  1.47910839e+05 -8.44864220e+01 
 1.51356125e+05  4.24480100e+01  1.51356125e+05 -8.46128346e+01 
 1.54881662e+05  4.22497569e+01  1.54881662e+05 -8.47364592e+01 
 1.58489319e+05  4.20514259e+01  1.58489319e+05 -8.48573567e+01 
 1.62181010e+05  4.18530204e+01  1.62181010e+05 -8.49755871e+01 
 1.65958691e+05  4.16545436e+01  1.65958691e+05 -8.50912091e+01 
 1.69824365e+05  4.14559988e+01  1.69824365e+05 -8.52042803e+01 
 1.73780083e+05  4.12573889e+01  1.73780083e+05 -8.53148572e+01 
 1.77827941e+05  4.10587169e+01  1.77827941e+05 -8.54229954e+01 
 1.81970086e+05  4.08599854e+01  1.81970086e+05 -8.55287490e+01 
 1.86208714e+05  4.06611973e+01  1.86208714e+05 -8.56321713e+01 
 1.90546072e+05  4.04623548e+01  1.90546072e+05 -8.57333147e+01 
 1.94984460e+05  4.02634606e+01  1.94984460e+05 -8.58322302e+01 
 1.99526231e+05  4.00645168e+01  1.99526231e+05 -8.59289681e+01 
 2.04173794e+05  3.98655258e+01  2.04173794e+05 -8.60235774e+01 
 2.08929613e+05  3.96664895e+01  2.08929613e+05 -8.61161064e+01 
 2.13796209e+05  3.94674101e+01  2.13796209e+05 -8.62066023e+01 
 2.18776162e+05  3.92682894e+01  2.18776162e+05 -8.62951113e+01 
 2.23872114e+05  3.90691293e+01  2.23872114e+05 -8.63816787e+01 
 2.29086765e+05  3.88699315e+01  2.29086765e+05 -8.64663489e+01 
 2.34422882e+05  3.86706977e+01  2.34422882e+05 -8.65491654e+01 
 2.39883292e+05  3.84714296e+01  2.39883292e+05 -8.66301708e+01 
 2.45470892e+05  3.82721286e+01  2.45470892e+05 -8.67094067e+01 
 2.51188643e+05  3.80727962e+01  2.51188643e+05 -8.67869141e+01 
 2.57039578e+05  3.78734339e+01  2.57039578e+05 -8.68627330e+01 
 2.63026799e+05  3.76740430e+01  2.63026799e+05 -8.69369025e+01 
 2.69153480e+05  3.74746247e+01  2.69153480e+05 -8.70094611e+01 
 2.75422870e+05  3.72751803e+01  2.75422870e+05 -8.70804464e+01 
 2.81838293e+05  3.70757109e+01  2.81838293e+05 -8.71498951e+01 
 2.88403150e+05  3.68762177e+01  2.88403150e+05 -8.72178434e+01 
 2.95120923e+05  3.66767017e+01  2.95120923e+05 -8.72843265e+01 
 3.01995172e+05  3.64771640e+01  3.01995172e+05 -8.73493790e+01 
 3.09029543e+05  3.62776055e+01  3.09029543e+05 -8.74130348e+01 
 3.16227766e+05  3.60780271e+01  3.16227766e+05 -8.74753272e+01 
 3.23593657e+05  3.58784298e+01  3.23593657e+05 -8.75362884e+01 
 3.31131121e+05  3.56788143e+01  3.31131121e+05 -8.75959505e+01 
 3.38844156e+05  3.54791816e+01  3.38844156e+05 -8.76543445e+01 
 3.46736850e+05  3.52795323e+01  3.46736850e+05 -8.77115010e+01 
 3.54813389e+05  3.50798672e+01  3.54813389e+05 -8.77674498e+01 
 3.63078055e+05  3.48801871e+01  3.63078055e+05 -8.78222203e+01 
 3.71535229e+05  3.46804926e+01  3.71535229e+05 -8.78758411e+01 
 3.80189396e+05  3.44807843e+01  3.80189396e+05 -8.79283403e+01 
 3.89045145e+05  3.42810628e+01  3.89045145e+05 -8.79797455e+01 
 3.98107171e+05  3.40813288e+01  3.98107171e+05 -8.80300836e+01 
 4.07380278e+05  3.38815828e+01  4.07380278e+05 -8.80793810e+01 
 4.16869383e+05  3.36818254e+01  4.16869383e+05 -8.81276636e+01 
 4.26579519e+05  3.34820570e+01  4.26579519e+05 -8.81749568e+01 
 4.36515832e+05  3.32822781e+01  4.36515832e+05 -8.82212854e+01 
 4.46683592e+05  3.30824893e+01  4.46683592e+05 -8.82666738e+01 
 4.57088190e+05  3.28826909e+01  4.57088190e+05 -8.83111459e+01 
 4.67735141e+05  3.26828834e+01  4.67735141e+05 -8.83547251e+01 
 4.78630092e+05  3.24830672e+01  4.78630092e+05 -8.83974342e+01 
 4.89778819e+05  3.22832427e+01  4.89778819e+05 -8.84392958e+01 
 5.01187234e+05  3.20834102e+01  5.01187234e+05 -8.84803320e+01 
 5.12861384e+05  3.18835702e+01  5.12861384e+05 -8.85205643e+01 
 5.24807460e+05  3.16837229e+01  5.24807460e+05 -8.85600140e+01 
 5.37031796e+05  3.14838686e+01  5.37031796e+05 -8.85987018e+01 
 5.49540874e+05  3.12840078e+01  5.49540874e+05 -8.86366482e+01 
 5.62341325e+05  3.10841406e+01  5.62341325e+05 -8.86738732e+01 
 5.75439937e+05  3.08842674e+01  5.75439937e+05 -8.87103965e+01 
 5.88843655e+05  3.06843883e+01  5.88843655e+05 -8.87462372e+01 
 6.02559586e+05  3.04845038e+01  6.02559586e+05 -8.87814143e+01 
 6.16595002e+05  3.02846140e+01  6.16595002e+05 -8.88159464e+01 
 6.30957344e+05  3.00847191e+01  6.30957344e+05 -8.88498517e+01 
 6.45654229e+05  2.98848194e+01  6.45654229e+05 -8.88831482e+01 
 6.60693448e+05  2.96849152e+01  6.60693448e+05 -8.89158534e+01 
 6.76082975e+05  2.94850065e+01  6.76082975e+05 -8.89479846e+01 
 6.91830971e+05  2.92850936e+01  6.91830971e+05 -8.89795587e+01 
 7.07945784e+05  2.90851766e+01  7.07945784e+05 -8.90105926e+01 
 7.24435960e+05  2.88852558e+01  7.24435960e+05 -8.90411025e+01 
 7.41310241e+05  2.86853313e+01  7.41310241e+05 -8.90711046e+01 
 7.58577575e+05  2.84854033e+01  7.58577575e+05 -8.91006148e+01 
 7.76247117e+05  2.82854720e+01  7.76247117e+05 -8.91296487e+01 
 7.94328235e+05  2.80855374e+01  7.94328235e+05 -8.91582217e+01 
 8.12830516e+05  2.78855997e+01  8.12830516e+05 -8.91863488e+01 
 8.31763771e+05  2.76856590e+01  8.31763771e+05 -8.92140449e+01 
 8.51138038e+05  2.74857156e+01  8.51138038e+05 -8.92413247e+01 
 8.70963590e+05  2.72857694e+01  8.70963590e+05 -8.92682026e+01 
 8.91250938e+05  2.70858206e+01  8.91250938e+05 -8.92946929e+01 
 9.12010839e+05  2.68858693e+01  9.12010839e+05 -8.93208096e+01 
 9.33254301e+05  2.66859157e+01  9.33254301e+05 -8.93465664e+01 
 9.54992586e+05  2.64859597e+01  9.54992586e+05 -8.93719771e+01 
 9.77237221e+05  2.62860016e+01  9.77237221e+05 -8.93970551e+01 
 1.00000000e+06  2.60860413e+01  1.00000000e+06 -8.94218137e+01 
 1.02329299e+06  2.58860791e+01  1.02329299e+06 -8.94462659e+01 
 1.04712855e+06  2.56861149e+01  1.04712855e+06 -8.94704247e+01 
 1.07151931e+06  2.54861488e+01  1.07151931e+06 -8.94943030e+01 
 1.09647820e+06  2.52861810e+01  1.09647820e+06 -8.95179133e+01 
 1.12201845e+06  2.50862114e+01  1.12201845e+06 -8.95412681e+01 
 1.14815362e+06  2.48862401e+01  1.14815362e+06 -8.95643800e+01 
 1.17489755e+06  2.46862673e+01  1.17489755e+06 -8.95872610e+01 
 1.20226443e+06  2.44862929e+01  1.20226443e+06 -8.96099232e+01 
 1.23026877e+06  2.42863171e+01  1.23026877e+06 -8.96323788e+01 
 1.25892541e+06  2.40863398e+01  1.25892541e+06 -8.96546396e+01 
 1.28824955e+06  2.38863611e+01  1.28824955e+06 -8.96767174e+01 
 1.31825674e+06  2.36863810e+01  1.31825674e+06 -8.96986239e+01 
 1.34896288e+06  2.34863997e+01  1.34896288e+06 -8.97203707e+01 
 1.38038426e+06  2.32864171e+01  1.38038426e+06 -8.97419693e+01 
 1.41253754e+06  2.30864333e+01  1.41253754e+06 -8.97634312e+01 
 1.44543977e+06  2.28864483e+01  1.44543977e+06 -8.97847677e+01 
 1.47910839e+06  2.26864621e+01  1.47910839e+06 -8.98059901e+01 
 1.51356125e+06  2.24864748e+01  1.51356125e+06 -8.98271098e+01 
 1.54881662e+06  2.22864864e+01  1.54881662e+06 -8.98481378e+01 
 1.58489319e+06  2.20864969e+01  1.58489319e+06 -8.98690853e+01 
 1.62181010e+06  2.18865064e+01  1.62181010e+06 -8.98899635e+01 
 1.65958691e+06  2.16865149e+01  1.65958691e+06 -8.99107834e+01 
 1.69824365e+06  2.14865223e+01  1.69824365e+06 -8.99315560e+01 
 1.73780083e+06  2.12865287e+01  1.73780083e+06 -8.99522923e+01 
 1.77827941e+06  2.10865342e+01  1.77827941e+06 -8.99730033e+01 
 1.81970086e+06  2.08865386e+01  1.81970086e+06 -8.99937000e+01 
 1.86208714e+06  2.06865421e+01  1.86208714e+06 -9.00143934e+01 
 1.90546072e+06  2.04865446e+01  1.90546072e+06 -9.00350945e+01 
 1.94984460e+06  2.02865462e+01  1.94984460e+06 -9.00558141e+01 
 1.99526231e+06  2.00865469e+01  1.99526231e+06 -9.00765633e+01 
 2.04173794e+06  1.98865465e+01  2.04173794e+06 -9.00973531e+01 
 2.08929613e+06  1.96865453e+01  2.08929613e+06 -9.01181945e+01 
 2.13796209e+06  1.94865431e+01  2.13796209e+06 -9.01390986e+01 
 2.18776162e+06  1.92865399e+01  2.18776162e+06 -9.01600763e+01 
 2.23872114e+06  1.90865358e+01  2.23872114e+06 -9.01811389e+01 
 2.29086765e+06  1.88865307e+01  2.29086765e+06 -9.02022975e+01 
 2.34422882e+06  1.86865246e+01  2.34422882e+06 -9.02235634e+01 
 2.39883292e+06  1.84865175e+01  2.39883292e+06 -9.02449477e+01 
 2.45470892e+06  1.82865094e+01  2.45470892e+06 -9.02664618e+01 
 2.51188643e+06  1.80865003e+01  2.51188643e+06 -9.02881171e+01 
 2.57039578e+06  1.78864901e+01  2.57039578e+06 -9.03099251e+01 
 2.63026799e+06  1.76864789e+01  2.63026799e+06 -9.03318974e+01 
 2.69153480e+06  1.74864665e+01  2.69153480e+06 -9.03540455e+01 
 2.75422870e+06  1.72864531e+01  2.75422870e+06 -9.03763813e+01 
 2.81838293e+06  1.70864385e+01  2.81838293e+06 -9.03989165e+01 
 2.88403150e+06  1.68864227e+01  2.88403150e+06 -9.04216631e+01 
 2.95120923e+06  1.66864057e+01  2.95120923e+06 -9.04446332e+01 
 3.01995172e+06  1.64863875e+01  3.01995172e+06 -9.04678389e+01 
 3.09029543e+06  1.62863680e+01  3.09029543e+06 -9.04912925e+01 
 3.16227766e+06  1.60863471e+01  3.16227766e+06 -9.05150064e+01 
 3.23593657e+06  1.58863249e+01  3.23593657e+06 -9.05389932e+01 
 3.31131121e+06  1.56863013e+01  3.31131121e+06 -9.05632656e+01 
 3.38844156e+06  1.54862762e+01  3.38844156e+06 -9.05878365e+01 
 3.46736850e+06  1.52862496e+01  3.46736850e+06 -9.06127188e+01 
 3.54813389e+06  1.50862214e+01  3.54813389e+06 -9.06379258e+01 
 3.63078055e+06  1.48861915e+01  3.63078055e+06 -9.06634708e+01 
 3.71535229e+06  1.46861600e+01  3.71535229e+06 -9.06893673e+01 
 3.80189396e+06  1.44861267e+01  3.80189396e+06 -9.07156290e+01 
 3.89045145e+06  1.42860915e+01  3.89045145e+06 -9.07422698e+01 
 3.98107171e+06  1.40860545e+01  3.98107171e+06 -9.07693039e+01 
 4.07380278e+06  1.38860154e+01  4.07380278e+06 -9.07967455e+01 
 4.16869383e+06  1.36859743e+01  4.16869383e+06 -9.08246092e+01 
 4.26579519e+06  1.34859310e+01  4.26579519e+06 -9.08529097e+01 
 4.36515832e+06  1.32858855e+01  4.36515832e+06 -9.08816621e+01 
 4.46683592e+06  1.30858376e+01  4.46683592e+06 -9.09108814e+01 
 4.57088190e+06  1.28857873e+01  4.57088190e+06 -9.09405831e+01 
 4.67735141e+06  1.26857344e+01  4.67735141e+06 -9.09707831e+01 
 4.78630092e+06  1.24856789e+01  4.78630092e+06 -9.10014972e+01 
 4.89778819e+06  1.22856205e+01  4.89778819e+06 -9.10327417e+01 
 5.01187234e+06  1.20855593e+01  5.01187234e+06 -9.10645331e+01 
 5.12861384e+06  1.18854950e+01  5.12861384e+06 -9.10968883e+01 
 5.24807460e+06  1.16854276e+01  5.24807460e+06 -9.11298242e+01 
 5.37031796e+06  1.14853568e+01  5.37031796e+06 -9.11633585e+01 
 5.49540874e+06  1.12852826e+01  5.49540874e+06 -9.11975086e+01 
 5.62341325e+06  1.10852047e+01  5.62341325e+06 -9.12322928e+01 
 5.75439937e+06  1.08851231e+01  5.75439937e+06 -9.12677294e+01 
 5.88843655e+06  1.06850375e+01  5.88843655e+06 -9.13038371e+01 
 6.02559586e+06  1.04849477e+01  6.02559586e+06 -9.13406350e+01 
 6.16595002e+06  1.02848537e+01  6.16595002e+06 -9.13781425e+01 
 6.30957344e+06  1.00847551e+01  6.30957344e+06 -9.14163793e+01 
 6.45654229e+06  9.88465175e+00  6.45654229e+06 -9.14553658e+01 
 6.60693448e+06  9.68454347e+00  6.60693448e+06 -9.14951224e+01 
 6.76082975e+06  9.48443002e+00  6.76082975e+06 -9.15356702e+01 
 6.91830971e+06  9.28431114e+00  6.91830971e+06 -9.15770304e+01 
 7.07945784e+06  9.08418660e+00  7.07945784e+06 -9.16192250e+01 
 7.24435960e+06  8.88405613e+00  7.24435960e+06 -9.16622762e+01 
 7.41310241e+06  8.68391945e+00  7.41310241e+06 -9.17062066e+01 
 7.58577575e+06  8.48377628e+00  7.58577575e+06 -9.17510395e+01 
 7.76247117e+06  8.28362631e+00  7.76247117e+06 -9.17967983e+01 
 7.94328235e+06  8.08346924e+00  7.94328235e+06 -9.18435072e+01 
 8.12830516e+06  7.88330473e+00  8.12830516e+06 -9.18911909e+01 
 8.31763771e+06  7.68313243e+00  8.31763771e+06 -9.19398743e+01 
 8.51138038e+06  7.48295199e+00  8.51138038e+06 -9.19895830e+01 
 8.70963590e+06  7.28276302e+00  8.70963590e+06 -9.20403433e+01 
 8.91250938e+06  7.08256513e+00  8.91250938e+06 -9.20921818e+01 
 9.12010839e+06  6.88235791e+00  9.12010839e+06 -9.21451257e+01 
 9.33254301e+06  6.68214092e+00  9.33254301e+06 -9.21992028e+01 
 9.54992586e+06  6.48191370e+00  9.54992586e+06 -9.22544416e+01 
 9.77237221e+06  6.28167579e+00  9.77237221e+06 -9.23108708e+01 
 1.00000000e+07  6.08142668e+00  1.00000000e+07 -9.23685203e+01 
 1.02329299e+07  5.88116585e+00  1.02329299e+07 -9.24274201e+01 
 1.04712855e+07  5.68089277e+00  1.04712855e+07 -9.24876012e+01 
 1.07151931e+07  5.48060685e+00  1.07151931e+07 -9.25490949e+01 
 1.09647820e+07  5.28030750e+00  1.09647820e+07 -9.26119336e+01 
 1.12201845e+07  5.07999410e+00  1.12201845e+07 -9.26761500e+01 
 1.14815362e+07  4.87966600e+00  1.14815362e+07 -9.27417777e+01 
 1.17489755e+07  4.67932250e+00  1.17489755e+07 -9.28088509e+01 
 1.20226443e+07  4.47896291e+00  1.20226443e+07 -9.28774047e+01 
 1.23026877e+07  4.27858647e+00  1.23026877e+07 -9.29474748e+01 
 1.25892541e+07  4.07819240e+00  1.25892541e+07 -9.30190977e+01 
 1.28824955e+07  3.87777988e+00  1.28824955e+07 -9.30923107e+01 
 1.31825674e+07  3.67734806e+00  1.31825674e+07 -9.31671519e+01 
 1.34896288e+07  3.47689604e+00  1.34896288e+07 -9.32436601e+01 
 1.38038426e+07  3.27642290e+00  1.38038426e+07 -9.33218751e+01 
 1.41253754e+07  3.07592764e+00  1.41253754e+07 -9.34018375e+01 
 1.44543977e+07  2.87540925e+00  1.44543977e+07 -9.34835887e+01 
 1.47910839e+07  2.67486666e+00  1.47910839e+07 -9.35671710e+01 
 1.51356125e+07  2.47429875e+00  1.51356125e+07 -9.36526276e+01 
 1.54881662e+07  2.27370435e+00  1.54881662e+07 -9.37400027e+01 
 1.58489319e+07  2.07308224e+00  1.58489319e+07 -9.38293414e+01 
 1.62181010e+07  1.87243115e+00  1.62181010e+07 -9.39206897e+01 
 1.65958691e+07  1.67174974e+00  1.65958691e+07 -9.40140946e+01 
 1.69824365e+07  1.47103660e+00  1.69824365e+07 -9.41096042e+01 
 1.73780083e+07  1.27029029e+00  1.73780083e+07 -9.42072675e+01 
 1.77827941e+07  1.06950928e+00  1.77827941e+07 -9.43071345e+01 
 1.81970086e+07  8.68691979e-01  1.81970086e+07 -9.44092565e+01 
 1.86208714e+07  6.67836713e-01  1.86208714e+07 -9.45136854e+01 
 1.90546072e+07  4.66941747e-01  1.90546072e+07 -9.46204748e+01 
 1.94984460e+07  2.66005262e-01  1.94984460e+07 -9.47296789e+01 
 1.99526231e+07  6.50253564e-02  1.99526231e+07 -9.48413534e+01 
 2.04173794e+07 -1.35999954e-01  2.04173794e+07 -9.49555548e+01 
 2.08929613e+07 -3.37072743e-01  2.08929613e+07 -9.50723412e+01 
 2.13796209e+07 -5.38195179e-01  2.13796209e+07 -9.51917715e+01 
 2.18776162e+07 -7.39369526e-01  2.18776162e+07 -9.53139061e+01 
 2.23872114e+07 -9.40598148e-01  2.23872114e+07 -9.54388064e+01 
 2.29086765e+07 -1.14188351e+00  2.29086765e+07 -9.55665353e+01 
 2.34422882e+07 -1.34322821e+00  2.34422882e+07 -9.56971568e+01 
 2.39883292e+07 -1.54463492e+00  2.39883292e+07 -9.58307363e+01 
 2.45470892e+07 -1.74610646e+00  2.45470892e+07 -9.59673404e+01 
 2.51188643e+07 -1.94764578e+00  2.51188643e+07 -9.61070372e+01 
 2.57039578e+07 -2.14925594e+00  2.57039578e+07 -9.62498959e+01 
 2.63026799e+07 -2.35094014e+00  2.63026799e+07 -9.63959874e+01 
 2.69153480e+07 -2.55270173e+00  2.69153480e+07 -9.65453837e+01 
 2.75422870e+07 -2.75454421e+00  2.75422870e+07 -9.66981584e+01 
 2.81838293e+07 -2.95647121e+00  2.81838293e+07 -9.68543865e+01 
 2.88403150e+07 -3.15848654e+00  2.88403150e+07 -9.70141442e+01 
 2.95120923e+07 -3.36059417e+00  2.95120923e+07 -9.71775096e+01 
 3.01995172e+07 -3.56279826e+00  3.01995172e+07 -9.73445618e+01 
 3.09029543e+07 -3.76510311e+00  3.09029543e+07 -9.75153818e+01 
 3.16227766e+07 -3.96751326e+00  3.16227766e+07 -9.76900517e+01 
 3.23593657e+07 -4.17003340e+00  3.23593657e+07 -9.78686555e+01 
 3.31131121e+07 -4.37266844e+00  3.31131121e+07 -9.80512785e+01 
 3.38844156e+07 -4.57542353e+00  3.38844156e+07 -9.82380075e+01 
 3.46736850e+07 -4.77830398e+00  3.46736850e+07 -9.84289309e+01 
 3.54813389e+07 -4.98131540e+00  3.54813389e+07 -9.86241387e+01 
 3.63078055e+07 -5.18446357e+00  3.63078055e+07 -9.88237224e+01 
 3.71535229e+07 -5.38775458e+00  3.71535229e+07 -9.90277749e+01 
 3.80189396e+07 -5.59119472e+00  3.80189396e+07 -9.92363909e+01 
 3.89045145e+07 -5.79479059e+00  3.89045145e+07 -9.94496665e+01 
 3.98107171e+07 -5.99854905e+00  3.98107171e+07 -9.96676992e+01 
 4.07380278e+07 -6.20247725e+00  4.07380278e+07 -9.98905884e+01 
 4.16869383e+07 -6.40658263e+00  4.16869383e+07 -1.00118435e+02 
 4.26579519e+07 -6.61087295e+00  4.26579519e+07 -1.00351340e+02 
 4.36515832e+07 -6.81535628e+00  4.36515832e+07 -1.00589409e+02 
 4.46683592e+07 -7.02004105e+00  4.46683592e+07 -1.00832745e+02 
 4.57088190e+07 -7.22493598e+00  4.57088190e+07 -1.01081456e+02 
 4.67735141e+07 -7.43005020e+00  4.67735141e+07 -1.01335650e+02 
 4.78630092e+07 -7.63539317e+00  4.78630092e+07 -1.01595436e+02 
 4.89778819e+07 -7.84097475e+00  4.89778819e+07 -1.01860925e+02 
 5.01187234e+07 -8.04680517e+00  5.01187234e+07 -1.02132228e+02 
 5.12861384e+07 -8.25289507e+00  5.12861384e+07 -1.02409459e+02 
 5.24807460e+07 -8.45925552e+00  5.24807460e+07 -1.02692733e+02 
 5.37031796e+07 -8.66589801e+00  5.37031796e+07 -1.02982165e+02 
 5.49540874e+07 -8.87283444e+00  5.49540874e+07 -1.03277871e+02 
 5.62341325e+07 -9.08007721e+00  5.62341325e+07 -1.03579970e+02 
 5.75439937e+07 -9.28763916e+00  5.75439937e+07 -1.03888580e+02 
 5.88843655e+07 -9.49553358e+00  5.88843655e+07 -1.04203821e+02 
