 0.00000000e+00  0.00000000e+00  0.00000000e+00 -1.47651560e-03 
 1.00000000e-11  2.00000000e-02  1.00000000e-11 -1.42956522e-03 
 2.00000000e-11  4.00000000e-02  2.00000000e-11 -1.38297996e-03 
 4.00000000e-11  8.00000000e-02  4.00000000e-11 -1.29022649e-03 
 8.00000000e-11  1.60000000e-01  8.00000000e-11 -1.10372218e-03 
 1.60000000e-10  3.20000000e-01  1.60000000e-10 -6.94947459e-04 
 3.20000000e-10  6.40000000e-01  3.20000000e-10  4.40873504e-04 
 4.82818752e-10  9.65637504e-01  4.82818752e-10  1.71402295e-03 
 6.68173793e-10  1.33634759e+00  6.68173793e-10  3.79616842e-03 
 8.79539919e-10  1.75907984e+00  8.79539919e-10  6.63090899e-03 
 1.00000000e-09  2.00000000e+00  1.00000000e-09  8.37353150e-03 
 1.02437380e-09  2.00000000e+00  1.02437380e-09  8.65789710e-03 
 1.07312140e-09  2.00000000e+00  1.07312140e-09  9.23180395e-03 
 1.17061660e-09  2.00000000e+00  1.17061660e-09  1.04245527e-02 
 1.36560699e-09  2.00000000e+00  1.36560699e-09  1.29959956e-02 
 1.75558779e-09  2.00000000e+00  1.75558779e-09  1.87076832e-02 
 2.33764203e-09  2.00000000e+00  2.33764203e-09  2.80856512e-02 
 3.35574911e-09  2.00000000e+00  3.35574911e-09  4.55064364e-02 
 5.00356936e-09  2.00000000e+00  5.00356936e-09  7.47713724e-02 
 7.14095440e-09  2.00000000e+00  7.14095440e-09  1.13589660e-01 
 1.00981177e-08  2.00000000e+00  1.00981177e-08  1.67719749e-01 
 1.44872495e-08  2.00000000e+00  1.44872495e-08  2.47781105e-01 
 1.92997030e-08  2.00000000e+00  1.92997030e-08  3.34923356e-01 
 2.89246100e-08  2.00000000e+00  2.89246100e-08  5.07211913e-01 
 4.39941021e-08  2.00000000e+00  4.39941021e-08  7.58529813e-01 
 6.12655359e-08  2.00000000e+00  6.12655359e-08  9.82386536e-01 
 8.18781987e-08  2.00000000e+00  8.18781987e-08  1.14073889e+00 
 1.03571902e-07  2.00000000e+00  1.03571902e-07  1.21983074e+00 
 1.46959308e-07  2.00000000e+00  1.46959308e-07  1.27196579e+00 
 1.86865416e-07  2.00000000e+00  1.86865416e-07  1.27620391e+00 
 2.65290516e-07  2.00000000e+00  2.65290516e-07  1.27703272e+00 
 3.49689378e-07  2.00000000e+00  3.49689378e-07  1.27677568e+00 
 4.49689378e-07  2.00000000e+00  4.49689378e-07  1.27689437e+00 
 5.49689378e-07  2.00000000e+00  5.49689378e-07  1.27679603e+00 
 6.49689378e-07  2.00000000e+00  6.49689378e-07  1.27688473e+00 
 7.49689378e-07  2.00000000e+00  7.49689378e-07  1.27680141e+00 
 8.49689378e-07  2.00000000e+00  8.49689378e-07  1.27688050e+00 
 9.49689378e-07  2.00000000e+00  9.49689378e-07  1.27680501e+00 
 1.04968938e-06  2.00000000e+00  1.04968938e-06  1.27687698e+00 
 1.14968938e-06  2.00000000e+00  1.14968938e-06  1.27680825e+00 
 1.24968938e-06  2.00000000e+00  1.24968938e-06  1.27687374e+00 
 1.34968938e-06  2.00000000e+00  1.34968938e-06  1.27681127e+00 
 1.44968938e-06  2.00000000e+00  1.44968938e-06  1.27687073e+00 
 1.54968938e-06  2.00000000e+00  1.54968938e-06  1.27681406e+00 
 1.64968938e-06  2.00000000e+00  1.64968938e-06  1.27686795e+00 
 1.74968938e-06  2.00000000e+00  1.74968938e-06  1.27681664e+00 
 1.84968938e-06  2.00000000e+00  1.84968938e-06  1.27686540e+00 
 1.94968938e-06  2.00000000e+00  1.94968938e-06  1.27681900e+00 
 2.04968938e-06  2.00000000e+00  2.04968938e-06  1.27686307e+00 
 2.14968938e-06  2.00000000e+00  2.14968938e-06  1.27682116e+00 
 2.24968938e-06  2.00000000e+00  2.24968938e-06  1.27686095e+00 
 2.34968938e-06  2.00000000e+00  2.34968938e-06  1.27682313e+00 
 2.44968938e-06  2.00000000e+00  2.44968938e-06  1.27685901e+00 
 2.54968938e-06  2.00000000e+00  2.54968938e-06  1.27682492e+00 
 2.64968938e-06  2.00000000e+00  2.64968938e-06  1.27685726e+00 
 2.74968938e-06  2.00000000e+00  2.74968938e-06  1.27682654e+00 
 2.84968938e-06  2.00000000e+00  2.84968938e-06  1.27685566e+00 
 2.94968938e-06  2.00000000e+00  2.94968938e-06  1.27682802e+00 
 3.04968938e-06  2.00000000e+00  3.04968938e-06  1.27685422e+00 
 3.14968938e-06  2.00000000e+00  3.14968938e-06  1.27682935e+00 
 3.24968938e-06  2.00000000e+00  3.24968938e-06  1.27685291e+00 
 3.34968938e-06  2.00000000e+00  3.34968938e-06  1.27683056e+00 
 3.44968938e-06  2.00000000e+00  3.44968938e-06  1.27685172e+00 
 3.54968938e-06  2.00000000e+00  3.54968938e-06  1.27683165e+00 
 3.64968938e-06  2.00000000e+00  3.64968938e-06  1.27685065e+00 
 3.74968938e-06  2.00000000e+00  3.74968938e-06  1.27683264e+00 
 3.84968938e-06  2.00000000e+00  3.84968938e-06  1.27684968e+00 
 3.94968938e-06  2.00000000e+00  3.94968938e-06  1.27683354e+00 
 4.04968938e-06  2.00000000e+00  4.04968938e-06  1.27684880e+00 
 4.14968938e-06  2.00000000e+00  4.14968938e-06  1.27683434e+00 
 4.24968938e-06  2.00000000e+00  4.24968938e-06  1.27684801e+00 
 4.34968938e-06  2.00000000e+00  4.34968938e-06  1.27683507e+00 
 4.44968938e-06  2.00000000e+00  4.44968938e-06  1.27684729e+00 
 4.54968938e-06  2.00000000e+00  4.54968938e-06  1.27683573e+00 
 4.64968938e-06  2.00000000e+00  4.64968938e-06  1.27684664e+00 
 4.74968938e-06  2.00000000e+00  4.74968938e-06  1.27683632e+00 
 4.84968938e-06  2.00000000e+00  4.84968938e-06  1.27684605e+00 
 4.94968938e-06  2.00000000e+00  4.94968938e-06  1.27683686e+00 
 5.00000000e-06  2.00000000e+00  5.00000000e-06  1.27684515e+00 
 5.00010000e-06  1.80000000e+00  5.00010000e-06  1.27625759e+00 
 5.00030000e-06  1.40000000e+00  5.00030000e-06  1.27499213e+00 
 5.00060531e-06  7.89389491e-01  5.00060531e-06  1.27265578e+00 
 5.00080835e-06  3.83299795e-01  5.00080835e-06  1.27105596e+00 
 5.00100000e-06  0.00000000e+00  5.00100000e-06  1.26885841e+00 
 5.00101964e-06  0.00000000e+00  5.00101964e-06  1.26864860e+00 
 5.00105893e-06  0.00000000e+00  5.00105893e-06  1.26821809e+00 
 5.00113751e-06  0.00000000e+00  5.00113751e-06  1.26731046e+00 
 5.00129467e-06  0.00000000e+00  5.00129467e-06  1.26537351e+00 
 5.00160899e-06  0.00000000e+00  5.00160899e-06  1.26108155e+00 
 5.00206887e-06  0.00000000e+00  5.00206887e-06  1.25388404e+00 
 5.00274416e-06  0.00000000e+00  5.00274416e-06  1.24190213e+00 
 5.00409474e-06  0.00000000e+00  5.00409474e-06  1.21594357e+00 
 5.00559171e-06  0.00000000e+00  5.00559171e-06  1.18634969e+00 
 5.00858563e-06  0.00000000e+00  5.00858563e-06  1.12741705e+00 
 5.01281988e-06  0.00000000e+00  5.01281988e-06  1.04513155e+00 
 5.01744391e-06  0.00000000e+00  5.01744391e-06  9.56705365e-01 
 5.02669196e-06  0.00000000e+00  5.02669196e-06  7.83637431e-01 
 5.04518805e-06  0.00000000e+00  5.04518805e-06  4.57250101e-01 
 5.06802444e-06  0.00000000e+00  5.06802444e-06  1.72447294e-01 
 5.08391796e-06  0.00000000e+00  5.08391796e-06  7.94103733e-02 
 5.10196316e-06  0.00000000e+00  5.10196316e-06  3.18193661e-02 
 5.11456350e-06  0.00000000e+00  5.11456350e-06  1.65343747e-02 
 5.12886048e-06  0.00000000e+00  5.12886048e-06  7.65873567e-03 
 5.14222169e-06  0.00000000e+00  5.14222169e-06  3.21012130e-03 
 5.15514219e-06  0.00000000e+00  5.15514219e-06  1.12135843e-03 
 5.16747774e-06  0.00000000e+00  5.16747774e-06 -1.07584337e-04 
 5.17949546e-06  0.00000000e+00  5.17949546e-06 -6.52662201e-04 
 5.19264798e-06  0.00000000e+00  5.19264798e-06 -1.08393129e-03 
 5.20490158e-06  0.00000000e+00  5.20490158e-06 -1.22116687e-03 
 5.22262173e-06  0.00000000e+00  5.22262173e-06 -1.39999115e-03 
 5.24138624e-06  0.00000000e+00  5.24138624e-06 -1.42111254e-03 
 5.27227425e-06  0.00000000e+00  5.27227425e-06 -1.48739784e-03 
 5.30426445e-06  0.00000000e+00  5.30426445e-06 -1.46018013e-03 
 5.36824485e-06  0.00000000e+00  5.36824485e-06 -1.49220592e-03 
 5.43169051e-06  0.00000000e+00  5.43169051e-06 -1.46201946e-03 
 5.53169051e-06  0.00000000e+00  5.53169051e-06 -1.49124111e-03 
 5.63169051e-06  0.00000000e+00  5.63169051e-06 -1.46248018e-03 
 5.73169051e-06  0.00000000e+00  5.73169051e-06 -1.49069583e-03 
 5.83169051e-06  0.00000000e+00  5.83169051e-06 -1.46288062e-03 
 5.93169051e-06  0.00000000e+00  5.93169051e-06 -1.49021799e-03 
 6.03169051e-06  0.00000000e+00  6.03169051e-06 -1.46336966e-03 
 6.13169051e-06  0.00000000e+00  6.13169051e-06 -1.48971738e-03 
 6.23169051e-06  0.00000000e+00  6.23169051e-06 -1.46385372e-03 
 6.33169051e-06  0.00000000e+00  6.33169051e-06 -1.48923161e-03 
 6.43169051e-06  0.00000000e+00  6.43169051e-06 -1.46431895e-03 
 6.53169051e-06  0.00000000e+00  6.53169051e-06 -1.48876541e-03 
 6.63169051e-06  0.00000000e+00  6.63169051e-06 -1.46476426e-03 
 6.73169051e-06  0.00000000e+00  6.73169051e-06 -1.48831852e-03 
 6.83169051e-06  0.00000000e+00  6.83169051e-06 -1.46519048e-03 
 6.93169051e-06  0.00000000e+00  6.93169051e-06 -1.48788997e-03 
 7.03169051e-06  0.00000000e+00  7.03169051e-06 -1.46559869e-03 
 7.13169051e-06  0.00000000e+00  7.13169051e-06 -1.48747874e-03 
 7.23169051e-06  0.00000000e+00  7.23169051e-06 -1.46598995e-03 
 7.33169051e-06  0.00000000e+00  7.33169051e-06 -1.48708387e-03 
 7.43169051e-06  0.00000000e+00  7.43169051e-06 -1.46636524e-03 
 7.53169051e-06  0.00000000e+00  7.53169051e-06 -1.48670445e-03 
 7.63169051e-06  0.00000000e+00  7.63169051e-06 -1.46672548e-03 
 7.73169051e-06  0.00000000e+00  7.73169051e-06 -1.48633964e-03 
 7.83169051e-06  0.00000000e+00  7.83169051e-06 -1.46707151e-03 
 7.93169051e-06  0.00000000e+00  7.93169051e-06 -1.48598866e-03 
 8.03169051e-06  0.00000000e+00  8.03169051e-06 -1.46740413e-03 
 8.13169051e-06  0.00000000e+00  8.13169051e-06 -1.48565079e-03 
 8.23169051e-06  0.00000000e+00  8.23169051e-06 -1.46772406e-03 
 8.33169051e-06  0.00000000e+00  8.33169051e-06 -1.48532535e-03 
 8.43169051e-06  0.00000000e+00  8.43169051e-06 -1.46803199e-03 
 8.53169051e-06  0.00000000e+00  8.53169051e-06 -1.48501170e-03 
 8.63169051e-06  0.00000000e+00  8.63169051e-06 -1.46832857e-03 
 8.73169051e-06  0.00000000e+00  8.73169051e-06 -1.48470925e-03 
 8.83169051e-06  0.00000000e+00  8.83169051e-06 -1.46861437e-03 
 8.93169051e-06  0.00000000e+00  8.93169051e-06 -1.48441746e-03 
 9.03169051e-06  0.00000000e+00  9.03169051e-06 -1.46888997e-03 
 9.13169051e-06  0.00000000e+00  9.13169051e-06 -1.48413581e-03 
 9.23169051e-06  0.00000000e+00  9.23169051e-06 -1.46915586e-03 
 9.33169051e-06  0.00000000e+00  9.33169051e-06 -1.48386381e-03 
 9.43169051e-06  0.00000000e+00  9.43169051e-06 -1.46941255e-03 
 9.53169051e-06  0.00000000e+00  9.53169051e-06 -1.48360101e-03 
 9.63169051e-06  0.00000000e+00  9.63169051e-06 -1.46966047e-03 
 9.73169051e-06  0.00000000e+00  9.73169051e-06 -1.48334700e-03 
 9.83169051e-06  0.00000000e+00  9.83169051e-06 -1.46990005e-03 
 9.93169051e-06  0.00000000e+00  9.93169051e-06 -1.48310136e-03 
 1.00000000e-05  0.00000000e+00  1.00000000e-05 -1.47019453e-03 
